* Measurement data measured by REW V5.31.3
* Source: Frequency response averaged data
* Format: Averaged data produced from the rms magnitudes of L 1, R 1
* Dated: 27/03/2025 03:31:47 €
* REW Settings:
*  C-weighting compensation: Off
*  Target level: -8.0 dB
* Note: Averaged data produced from the rms magnitudes of L 1, R 1
* Measurement: AVG1
* Smoothing: Psychoacoustic
* Frequency Step: 96 ppo
* Start Frequency: 2.1972656 Hz
*
* Freq(Hz) SPL(dB)
2.197266 39.690
2.213188 39.698
2.229226 39.708
2.245379 39.718
2.261650 39.730
2.278039 39.743
2.294547 39.757
2.311174 39.774
2.327922 39.791
2.344791 39.811
2.361782 39.832
2.378897 39.855
2.396135 39.881
2.413499 39.908
2.430988 39.938
2.448604 39.970
2.466347 40.004
2.484219 40.041
2.502221 40.080
2.520353 40.122
2.538617 40.166
2.557013 40.213
2.575542 40.263
2.594205 40.315
2.613004 40.369
2.631939 40.427
2.651011 40.486
2.670221 40.548
2.689571 40.613
2.709061 40.680
2.728691 40.749
2.748465 40.820
2.768381 40.893
2.788442 40.968
2.808648 41.045
2.829001 41.124
2.849501 41.204
2.870150 41.286
2.890948 41.370
2.911897 41.454
2.932998 41.540
2.954251 41.627
2.975659 41.715
2.997222 41.803
3.018941 41.893
3.040818 41.983
3.062853 42.073
3.085047 42.164
3.107403 42.255
3.129920 42.346
3.152601 42.438
3.175446 42.529
3.198457 42.621
3.221634 42.712
3.244979 42.803
3.268494 42.894
3.292179 42.985
3.316035 43.075
3.340064 43.165
3.364268 43.254
3.388647 43.343
3.413202 43.431
3.437936 43.518
3.462849 43.605
3.487942 43.692
3.513217 43.777
3.538675 43.862
3.564318 43.946
3.590146 44.030
3.616162 44.113
3.642366 44.195
3.668760 44.276
3.695346 44.357
3.722124 44.438
3.749096 44.517
3.776263 44.596
3.803627 44.675
3.831190 44.753
3.858953 44.831
3.886916 44.909
3.915082 44.986
3.943453 45.063
3.972028 45.140
4.000811 45.217
4.029803 45.294
4.059005 45.371
4.088418 45.448
4.118044 45.526
4.147885 45.604
4.177942 45.683
4.208218 45.762
4.238712 45.842
4.269427 45.923
4.300366 46.005
4.331528 46.088
4.362916 46.172
4.394531 46.257
4.426376 46.344
4.458451 46.432
4.490759 46.521
4.523301 46.612
4.556079 46.705
4.589094 46.799
4.622348 46.895
4.655844 46.993
4.689582 47.092
4.723564 47.194
4.757793 47.297
4.792270 47.402
4.826997 47.509
4.861975 47.617
4.897207 47.728
4.932695 47.840
4.968439 47.953
5.004442 48.068
5.040706 48.185
5.077234 48.303
5.114025 48.423
5.151084 48.543
5.188410 48.665
5.226008 48.788
5.263878 48.912
5.302022 49.037
5.340442 49.162
5.379142 49.288
5.418121 49.415
5.457383 49.542
5.496929 49.669
5.536762 49.797
5.576884 49.925
5.617296 50.052
5.658002 50.180
5.699002 50.307
5.740299 50.435
5.781896 50.562
5.823794 50.688
5.865995 50.814
5.908503 50.940
5.951318 51.065
5.994444 51.189
6.037882 51.313
6.081635 51.436
6.125705 51.558
6.170095 51.679
6.214806 51.800
6.259841 51.920
6.305202 52.038
6.350892 52.156
6.396913 52.274
6.443268 52.390
6.489959 52.505
6.536988 52.620
6.584357 52.733
6.632070 52.846
6.680129 52.958
6.728536 53.069
6.777294 53.180
6.826405 53.289
6.875872 53.398
6.925697 53.506
6.975884 53.614
7.026434 53.720
7.077350 53.826
7.128635 53.932
7.180293 54.036
7.232324 54.141
7.284732 54.244
7.337520 54.348
7.390691 54.450
7.444247 54.553
7.498191 54.655
7.552526 54.756
7.607255 54.857
7.662380 54.958
7.717905 55.059
7.773832 55.159
7.830165 55.259
7.886905 55.359
7.944057 55.458
8.001623 55.558
8.059606 55.657
8.118009 55.756
8.176836 55.855
8.236088 55.954
8.295770 56.052
8.355885 56.151
8.416435 56.250
8.477424 56.348
8.538855 56.447
8.600731 56.545
8.663055 56.644
8.725832 56.743
8.789063 56.841
8.852752 56.940
8.916902 57.039
8.981518 57.138
9.046602 57.237
9.112157 57.337
9.178188 57.436
9.244696 57.536
9.311687 57.636
9.379164 57.736
9.447129 57.836
9.515587 57.937
9.584541 58.038
9.653994 58.139
9.723951 58.240
9.794415 58.342
9.865389 58.444
9.936878 58.547
10.008884 58.649
10.081413 58.752
10.154467 58.856
10.228051 58.960
10.302167 59.064
10.376821 59.168
10.452016 59.273
10.527755 59.378
10.604044 59.484
10.680885 59.589
10.758283 59.695
10.836242 59.802
10.914766 59.908
10.993859 60.015
11.073525 60.122
11.153768 60.229
11.234593 60.336
11.316003 60.443
11.398004 60.550
11.480599 60.657
11.563792 60.764
11.647588 60.871
11.731991 60.978
11.817006 61.084
11.902637 61.191
11.988888 61.297
12.075764 61.403
12.163270 61.509
12.251411 61.614
12.340189 61.719
12.429611 61.823
12.519681 61.927
12.610404 62.030
12.701784 62.133
12.793827 62.235
12.886536 62.336
12.979917 62.437
13.073975 62.538
13.168715 62.637
13.264140 62.736
13.360258 62.835
13.457072 62.932
13.554587 63.029
13.652809 63.125
13.751743 63.221
13.851394 63.316
13.951767 63.410
14.052867 63.503
14.154700 63.596
14.257271 63.689
14.360585 63.781
14.464648 63.872
14.569465 63.963
14.675041 64.053
14.781382 64.143
14.888494 64.232
14.996382 64.322
15.105052 64.410
15.214510 64.499
15.324760 64.587
15.435810 64.676
15.547664 64.764
15.660329 64.852
15.773810 64.940
15.888114 65.028
16.003246 65.116
16.119212 65.205
16.236018 65.293
16.353671 65.382
16.472176 65.471
16.591541 65.560
16.711770 65.649
16.832870 65.739
16.954848 65.829
17.077710 65.919
17.201462 66.010
17.326111 66.101
17.451663 66.192
17.578125 66.284
17.705503 66.376
17.833805 66.468
17.963036 66.561
18.093203 66.654
18.224314 66.747
18.356375 66.841
18.489393 66.934
18.623375 67.028
18.758327 67.122
18.894258 67.216
19.031174 67.310
19.169081 67.405
19.307988 67.499
19.447902 67.593
19.588829 67.687
19.730778 67.780
19.873756 67.874
20.017769 67.967
20.162826 68.060
20.308934 68.153
20.456101 68.245
20.604334 68.337
20.753642 68.428
20.904031 68.519
21.055511 68.609
21.208087 68.698
21.361770 68.787
21.516566 68.875
21.672484 68.962
21.829532 69.049
21.987718 69.134
22.147050 69.219
22.307536 69.303
22.469186 69.386
22.632007 69.468
22.796008 69.549
22.961197 69.629
23.127583 69.708
23.295175 69.786
23.463982 69.863
23.634011 69.938
23.805273 70.013
23.977776 70.087
24.151529 70.160
24.326541 70.232
24.502821 70.302
24.680379 70.372
24.859223 70.441
25.039363 70.509
25.220808 70.576
25.403569 70.641
25.587654 70.706
25.773072 70.770
25.959835 70.834
26.147950 70.896
26.337429 70.958
26.528281 71.018
26.720516 71.079
26.914144 71.138
27.109175 71.197
27.305619 71.255
27.503487 71.313
27.702788 71.370
27.903534 71.427
28.105735 71.484
28.309400 71.540
28.514542 71.595
28.721170 71.651
28.929296 71.706
29.138929 71.761
29.350082 71.816
29.562765 71.871
29.776989 71.926
29.992765 71.981
30.210105 72.036
30.429020 72.091
30.649521 72.145
30.871620 72.200
31.095328 72.255
31.320658 72.310
31.547620 72.366
31.776228 72.421
32.006491 72.476
32.238423 72.532
32.472036 72.587
32.707342 72.643
32.944353 72.699
33.183081 72.754
33.423540 72.810
33.665740 72.866
33.909696 72.921
34.155420 72.977
34.402924 73.032
34.652222 73.088
34.903326 73.143
35.156250 73.198
35.411007 73.252
35.667609 73.307
35.926072 73.361
36.186407 73.415
36.448628 73.468
36.712750 73.521
36.978786 73.573
37.246749 73.625
37.516655 73.676
37.788516 73.727
38.062347 73.777
38.338162 73.826
38.615977 73.875
38.895804 73.923
39.177659 73.970
39.461556 74.017
39.747511 74.063
40.035538 74.108
40.325652 74.152
40.617868 74.196
40.912202 74.239
41.208669 74.281
41.507284 74.323
41.808063 74.363
42.111021 74.404
42.416175 74.443
42.723540 74.482
43.033132 74.520
43.344968 74.557
43.659064 74.594
43.975435 74.630
44.294099 74.666
44.615073 74.701
44.938372 74.736
45.264014 74.770
45.592016 74.804
45.922394 74.838
46.255167 74.871
46.590351 74.904
46.927964 74.936
47.268023 74.968
47.610547 75.000
47.955552 75.032
48.303058 75.063
48.653082 75.094
49.005642 75.125
49.360757 75.156
49.718446 75.186
50.078726 75.216
50.441617 75.246
50.807138 75.276
51.175307 75.306
51.546145 75.336
51.919669 75.365
52.295901 75.394
52.674858 75.423
53.056562 75.452
53.441032 75.480
53.828287 75.508
54.218349 75.536
54.611238 75.564
55.006973 75.591
55.405577 75.618
55.807068 75.645
56.211469 75.672
56.618801 75.698
57.029084 75.724
57.442340 75.750
57.858591 75.775
58.277858 75.800
58.700164 75.825
59.125529 75.849
59.553977 75.873
59.985530 75.897
60.420210 75.921
60.858039 75.944
61.299042 75.967
61.743240 75.990
62.190657 76.012
62.641316 76.034
63.095241 76.056
63.552455 76.078
64.012982 76.099
64.476847 76.120
64.944073 76.141
65.414684 76.162
65.888706 76.182
66.366163 76.203
66.847079 76.223
67.331481 76.242
67.819392 76.262
68.310840 76.281
68.805848 76.300
69.304444 76.319
69.806652 76.338
70.312500 76.356
70.822013 76.374
71.335219 76.392
71.852143 76.409
72.372814 76.427
72.897257 76.444
73.425500 76.460
73.957572 76.477
74.493499 76.493
75.033309 76.509
75.577032 76.524
76.124694 76.540
76.676325 76.555
77.231953 76.569
77.791608 76.584
78.355318 76.598
78.923113 76.612
79.495022 76.625
80.071076 76.638
80.651304 76.651
81.235736 76.663
81.824404 76.676
82.417337 76.687
83.014567 76.699
83.616125 76.710
84.222042 76.721
84.832350 76.732
85.447080 76.742
86.066265 76.752
86.689936 76.761
87.318127 76.770
87.950871 76.779
88.588199 76.788
89.230145 76.796
89.876744 76.804
90.528028 76.812
91.184031 76.819
91.844788 76.826
92.510333 76.833
93.180701 76.839
93.855927 76.845
94.536046 76.851
95.221093 76.857
95.911104 76.862
96.606116 76.867
97.306164 76.872
98.011284 76.876
98.721514 76.881
99.436891 76.885
100.157452 76.888
100.883234 76.892
101.614275 76.895
102.350614 76.899
103.092289 76.902
103.839338 76.905
104.591801 76.907
105.349716 76.910
106.113124 76.913
106.882063 76.915
107.656575 76.917
108.436699 76.919
109.222476 76.922
110.013947 76.924
110.811153 76.926
111.614136 76.928
112.422939 76.930
113.237601 76.932
114.058168 76.934
114.884680 76.936
115.717182 76.938
116.555716 76.940
117.400327 76.942
118.251058 76.945
119.107954 76.947
119.971060 76.950
120.840419 76.953
121.716079 76.956
122.598084 76.959
123.486480 76.962
124.381314 76.965
125.282632 76.969
126.190482 76.973
127.104910 76.977
128.025965 76.981
128.953694 76.986
129.888145 76.991
130.829368 76.995
131.777412 77.001
132.732325 77.006
133.694158 77.012
134.662961 77.017
135.638785 77.023
136.621679 77.030
137.611696 77.036
138.608887 77.043
139.613304 77.049
140.625000 77.056
141.644027 77.063
142.670438 77.070
143.704287 77.078
144.745627 77.085
145.794514 77.092
146.851001 77.100
147.915144 77.107
148.986998 77.115
150.066619 77.122
151.154063 77.130
152.249388 77.137
153.352650 77.144
154.463906 77.151
155.583216 77.158
156.710636 77.165
157.846226 77.171
158.990044 77.177
160.142152 77.183
161.302608 77.189
162.471473 77.194
163.648808 77.199
164.834675 77.203
166.029135 77.207
167.232251 77.211
168.444084 77.214
169.664700 77.217
170.894160 77.219
172.132530 77.221
173.379873 77.222
174.636255 77.223
175.901741 77.223
177.176398 77.222
178.460291 77.221
179.753488 77.220
181.056056 77.218
182.368062 77.215
183.689577 77.212
185.020667 77.208
186.361403 77.203
187.711854 77.198
189.072092 77.193
190.442186 77.187
191.822209 77.180
193.212232 77.172
194.612327 77.164
196.022568 77.156
197.443029 77.147
198.873782 77.137
200.314904 77.127
201.766468 77.117
203.228551 77.105
204.701229 77.094
206.184578 77.082
207.678677 77.069
209.183602 77.056
210.699433 77.042
212.226248 77.028
213.764127 77.013
215.313149 76.998
216.873397 76.982
218.444951 76.966
220.027894 76.949
221.622306 76.932
223.228273 76.915
224.845877 76.897
226.475203 76.878
228.116336 76.859
229.769361 76.840
231.434364 76.820
233.111433 76.799
234.800654 76.778
236.502117 76.757
238.215909 76.735
239.942119 76.713
241.680839 76.690
243.432158 76.667
245.196168 76.643
246.972960 76.619
248.762628 76.595
250.565264 76.569
252.380964 76.544
254.209820 76.518
256.051929 76.491
257.907387 76.464
259.776290 76.436
261.658736 76.408
263.554824 76.379
265.464650 76.350
267.388317 76.320
269.325923 76.289
271.277569 76.258
273.243358 76.226
275.223392 76.193
277.217775 76.160
279.226609 76.126
281.250000 76.092
283.288053 76.056
285.340875 76.020
287.408573 75.983
289.491254 75.945
291.589027 75.906
293.702001 75.866
295.830287 75.825
297.973995 75.783
300.133238 75.739
302.308127 75.695
304.498776 75.650
306.705300 75.603
308.927813 75.555
311.166431 75.505
313.421271 75.454
315.692451 75.402
317.980089 75.348
320.284304 75.292
322.605216 75.235
324.942946 75.176
327.297617 75.116
329.669350 75.054
332.058270 74.990
334.464501 74.924
336.888169 74.857
339.329399 74.787
341.788320 74.716
344.265059 74.643
346.759746 74.569
349.272510 74.492
351.803482 74.414
354.352795 74.334
356.920582 74.252
359.506975 74.168
362.112111 74.083
364.736125 73.996
367.379153 73.907
370.041334 73.817
372.722806 73.725
375.423709 73.632
378.144184 73.537
380.884373 73.441
383.644418 73.344
386.424463 73.245
389.224654 73.144
392.045137 73.043
394.886057 72.940
397.747564 72.836
400.629807 72.732
403.532936 72.626
406.457102 72.519
409.402458 72.411
412.369157 72.303
415.357354 72.194
418.367204 72.084
421.398865 71.974
424.452495 71.863
427.528253 71.752
430.626299 71.641
433.746795 71.529
436.889903 71.417
440.055787 71.305
443.244613 71.192
446.456546 71.079
449.691754 70.966
452.950406 70.852
456.232671 70.737
459.538721 70.622
462.868728 70.505
466.222866 70.387
469.601309 70.268
473.004234 70.147
476.431817 70.023
479.884239 69.898
483.361678 69.769
486.864316 69.637
490.392335 69.502
493.945920 69.363
497.525256 69.220
501.130529 69.072
504.761927 68.920
508.419640 68.762
512.103859 68.600
515.814774 68.432
519.552581 68.258
523.317473 68.079
527.109647 67.894
530.929301 67.703
534.776633 67.505
538.651845 67.302
542.555139 67.092
546.486717 66.877
550.446785 66.655
554.435549 66.427
558.453218 66.193
562.500000 65.954
566.576107 65.709
570.681751 65.459
574.817146 65.203
578.982508 64.943
583.178054 64.679
587.404003 64.410
591.660574 64.138
595.947991 63.863
600.266475 63.585
604.616254 63.306
608.997552 63.025
613.410600 62.745
617.855626 62.465
622.332862 62.187
626.842543 61.911
631.384902 61.640
635.960177 61.374
640.568607 61.115
645.210431 60.864
649.885892 60.623
654.595233 60.393
659.338700 60.176
664.116540 59.973
668.929002 59.786
673.776337 59.615
678.658799 59.462
683.576640 59.326
688.530118 59.209
693.519491 59.110
698.545019 59.028
703.606964 58.964
708.705591 58.915
713.841163 58.882
719.013951 58.861
724.224222 58.854
729.472249 58.857
734.758306 58.869
740.082668 58.889
745.445612 58.917
750.847418 58.950
756.288368 58.988
761.768745 59.030
767.288835 59.074
772.848927 59.121
778.449309 59.170
784.090273 59.220
789.772115 59.270
795.495129 59.321
801.259614 59.373
807.065872 59.424
812.914204 59.474
818.804915 59.525
824.738313 59.575
830.714707 59.624
836.734408 59.673
842.797731 59.720
848.904991 59.767
855.056506 59.814
861.252598 59.859
867.493589 59.904
873.779805 59.947
880.111574 59.990
886.489225 60.032
892.913092 60.073
899.383508 60.113
905.900812 60.152
912.465342 60.190
919.077442 60.228
925.737456 60.264
932.445732 60.300
939.202618 60.335
946.008467 60.370
952.863634 60.404
959.768477 60.437
966.723355 60.470
973.728631 60.502
980.784670 60.535
987.891840 60.567
995.050512 60.599
1002.261058 60.631
1009.523855 60.663
1016.839281 60.695
1024.207717 60.727
1031.629549 60.759
1039.105162 60.791
1046.634946 60.823
1054.219294 60.856
1061.858602 60.888
1069.553267 60.921
1077.303691 60.954
1085.110277 60.988
1092.973434 61.022
1100.893570 61.056
1108.871098 61.090
1116.906436 61.124
1125.000000 61.159
1133.152214 61.194
1141.363502 61.230
1149.634292 61.265
1157.965016 61.301
1166.356108 61.337
1174.808005 61.374
1183.321148 61.411
1191.895981 61.448
1200.532951 61.485
1209.232507 61.522
1217.995105 61.560
1226.821199 61.598
1235.711251 61.636
1244.665724 61.674
1253.685085 61.712
1262.769804 61.751
1271.920355 61.789
1281.137214 61.828
1290.420862 61.867
1299.771784 61.906
1309.190466 61.944
1318.677400 61.983
1328.233080 62.022
1337.858004 62.061
1347.552675 62.100
1357.317597 62.139
1367.153280 62.177
1377.060236 62.216
1387.038982 62.254
1397.090039 62.293
1407.213929 62.331
1417.411181 62.369
1427.682327 62.407
1438.027902 62.444
1448.448444 62.482
1458.944499 62.519
1469.516612 62.556
1480.165335 62.593
1490.891224 62.629
1501.694836 62.665
1512.576736 62.701
1523.537490 62.736
1534.577671 62.771
1545.697853 62.806
1556.898617 62.840
1568.180546 62.873
1579.544229 62.906
1590.990258 62.938
1602.519229 62.969
1614.131744 63.000
1625.828408 63.029
1637.609831 63.058
1649.476627 63.086
1661.429414 63.112
1673.468817 63.137
1685.595461 63.162
1697.809981 63.185
1710.113012 63.206
1722.505196 63.227
1734.987179 63.246
1747.559611 63.264
1760.223148 63.281
1772.978451 63.297
1785.826183 63.312
1798.767016 63.325
1811.801623 63.338
1824.930685 63.349
1838.154885 63.359
1851.474913 63.369
1864.891463 63.377
1878.405236 63.384
1892.016934 63.390
1905.727269 63.396
1919.536954 63.400
1933.446710 63.403
1947.457262 63.404
1961.569340 63.405
1975.783680 63.403
1990.101023 63.400
2004.522116 63.396
2019.047709 63.389
2033.678561 63.380
2048.415435 63.369
2063.259097 63.355
2078.210323 63.339
2093.269892 63.319
2108.438588 63.296
2123.717204 63.271
2139.106534 63.241
2154.607382 63.208
2170.220555 63.172
2185.946868 63.131
2201.787140 63.087
2217.742197 63.039
2233.812871 62.987
2250.000000 62.931
2266.304428 62.872
2282.727004 62.808
2299.268584 62.741
2315.930032 62.671
2332.712216 62.597
2349.616010 62.521
2366.642297 62.441
2383.791962 62.359
2401.065902 62.275
2418.465015 62.188
2435.990209 62.100
2453.642398 62.010
2471.422503 61.919
2489.331449 61.826
2507.370171 61.734
2525.539609 61.640
2543.840710 61.547
2562.274428 61.453
2580.841725 61.360
2599.543568 61.267
2618.380932 61.175
2637.354800 61.084
2656.466160 60.993
2675.716009 60.905
2695.105350 60.817
2714.635194 60.732
2734.306560 60.648
2754.120472 60.567
2774.077965 60.489
2794.180077 60.413
2814.427858 60.340
2834.822362 60.271
2855.364654 60.205
2876.055803 60.143
2896.896889 60.086
2917.888998 60.033
2939.033224 59.985
2960.330671 59.942
2981.782447 59.905
3003.389672 59.873
3025.153472 59.846
3047.074981 59.826
3069.155342 59.810
3091.395707 59.801
3113.797234 59.797
3136.361093 59.798
3159.088458 59.804
3181.980515 59.815
3205.038458 59.830
3228.263488 59.849
3251.656816 59.871
3275.219661 59.897
3298.953253 59.925
3322.858828 59.955
3346.937633 59.988
3371.190923 60.021
3395.619962 60.056
3420.226024 60.091
3445.010392 60.127
3469.974357 60.162
3495.119222 60.197
3520.446296 60.232
3545.956901 60.266
3571.652367 60.298
3597.534032 60.328
3623.603247 60.357
3649.861370 60.384
3676.309770 60.408
3702.949826 60.431
3729.782927 60.451
3756.810471 60.468
3784.033869 60.483
3811.454538 60.497
3839.073909 60.509
3866.893421 60.519
3894.914525 60.529
3923.138681 60.538
3951.567361 60.548
3980.202047 60.559
4009.044232 60.571
4038.095419 60.586
4067.357123 60.604
4096.830869 60.625
4126.518194 60.651
4156.420646 60.681
4186.539784 60.716
4216.877177 60.755
4247.434407 60.799
4278.213068 60.847
4309.214763 60.899
4340.441110 60.954
4371.893735 61.012
4403.574279 61.071
4435.484394 61.132
4467.625742 61.192
4500.000000 61.252
4532.608855 61.310
4565.454007 61.365
4598.537169 61.417
4631.860065 61.465
4665.424432 61.508
4699.232021 61.544
4733.284593 61.574
4767.583925 61.597
4802.131803 61.611
4836.930030 61.617
4871.980419 61.613
4907.284797 61.599
4942.845006 61.574
4978.662898 61.538
5014.740342 61.490
5051.079217 61.429
5087.681420 61.355
5124.548856 61.267
5161.683450 61.166
5199.087136 61.049
5236.761864 60.917
5274.709600 60.769
5312.932320 60.606
5351.432018 60.425
5390.210700 60.228
5429.270389 60.014
5468.613120 59.783
5508.240945 59.534
5548.155929 59.267
5588.360154 58.983
5628.855716 58.681
5669.644725 58.361
5710.729307 58.024
5752.111606 57.669
5793.793778 57.297
5835.777996 56.907
5878.066449 56.501
5920.661342 56.078
5963.564894 55.639
6006.779344 55.183
6050.306943 54.712
6094.149961 54.225
6138.310684 53.723
6182.791414 53.206
6227.594469 52.675
6272.722186 52.130
6318.176916 51.571
6363.961031 50.999
6410.076916 50.414
6456.526975 49.817
6503.313631 49.207
6550.439323 48.586
6597.906506 47.954
6645.717657 47.311
6693.875266 46.658
6742.381846 45.995
6791.239924 45.323
6840.452048 44.642
6890.020784 43.953
6939.948714 43.257
6990.238444 42.555
7040.892593 41.848
7091.913803 41.136
7143.304734 40.421
7195.068065 39.704
7247.206494 38.987
7299.722739 38.273
7352.619540 37.563
7405.899652 36.860
7459.565853 36.168
7513.620943 35.489
7568.067737 34.827
7622.909076 34.187
7678.147817 33.573
7733.786842 32.988
7789.829049 32.436
7846.277361 31.921
7903.134722 31.442
7960.404094 31.003
8018.088463 30.602
8076.190838 30.238
8134.714246 29.909
8193.661738 29.612
8253.036389 29.345
8312.841293 29.102
8373.079567 28.883
8433.754353 28.682
8494.868814 28.499
8556.426135 28.330
8618.429526 28.173
8680.882219 28.027
8743.787470 27.890
8807.148559 27.761
8870.968788 27.639
8935.251484 27.523
9000.000000 27.413
9065.217710 27.307
9130.908014 27.205
9197.074338 27.107
9263.720130 27.013
9330.848865 26.921
9398.464042 26.831
9466.569187 26.744
9535.167849 26.659
9604.263606 26.575
9673.860059 26.493
9743.960837 26.411
9814.569594 26.332
9885.690011 26.253
9957.325796 26.175
10029.480683 26.097
10102.158435 26.021
10175.362839 25.945
10249.097713 25.870
10323.366900 25.796
10398.174272 25.722
10473.523729 25.649
10549.419199 25.576
10625.864640 25.504
10702.864035 25.432
10780.421400 25.360
10858.540777 25.289
10937.226240 25.217
11016.481890 25.146
11096.311859 25.074
11176.720309 25.003
11257.711431 24.931
11339.289449 24.858
11421.458615 24.786
11504.223212 24.713
11587.587556 24.639
11671.555992 24.565
11756.132898 24.491
11841.322683 24.416
11927.129788 24.341
12013.558688 24.266
12100.613886 24.191
12188.299922 24.116
12276.621368 24.040
12365.582827 23.965
12455.188938 23.890
12545.444371 23.816
12636.353832 23.741
12727.922061 23.667
12820.153831 23.592
12913.053951 23.518
13006.627263 23.443
13100.878646 23.368
13195.813013 23.291
13291.435313 23.214
13387.750533 23.135
13484.763692 23.054
13582.479848 22.971
13680.904096 22.885
13780.041567 22.796
13879.897429 22.703
13980.476887 22.606
14081.785186 22.504
14183.827606 22.397
14286.609468 22.284
14390.136129 22.165
14494.412988 22.039
14599.445479 21.906
14705.239079 21.765
14811.799303 21.616
14919.131707 21.459
15027.241885 21.293
15136.135475 21.117
15245.818152 20.931
15356.295635 20.735
15467.573683 20.528
15579.658098 20.310
15692.554723 20.082
15806.269443 19.842
15920.808187 19.590
16036.176927 19.326
16152.381675 19.051
16269.428491 18.764
16387.323477 18.464
16506.072778 18.153
16625.682585 17.829
16746.159135 17.494
16867.508707 17.148
16989.737628 16.791
17112.852271 16.423
17236.859053 16.047
17361.764439 15.663
17487.574941 15.274
17614.297118 14.882
17741.937576 14.492
17870.502969 14.107
18000.000000 13.734
18130.435420 13.381
18261.816029 13.053
18394.148676 12.761
18527.440260 12.509
18661.697729 12.304
18796.928084 12.145
18933.138373 12.031
19070.335698 11.956
19208.527212 11.910
19347.720119 11.886
19487.921674 11.875
19629.139188 11.871
19771.380022 11.870
19914.651592 11.870
20058.961367 11.870
