* Measurement data measured by REW V5.31.3
* Source: Frequency response averaged data
* Format: Averaged data produced from the rms magnitudes of L OH, R OH
* Dated: 27/03/2025 03:41:42 €
* REW Settings:
*  C-weighting compensation: Off
*  Target level: 75.0 dB
* Note: Averaged data produced from the rms magnitudes of L OH, R OH
* Measurement: AVGO
* Smoothing: Psychoacoustic
* Frequency Step: 96 ppo
* Start Frequency: 2.1972656 Hz
*
* Freq(Hz) SPL(dB)
2.197266 40.754
2.213188 40.789
2.229226 40.826
2.245379 40.865
2.261650 40.906
2.278039 40.949
2.294547 40.994
2.311174 41.040
2.327922 41.088
2.344791 41.137
2.361782 41.188
2.378897 41.240
2.396135 41.293
2.413499 41.348
2.430988 41.404
2.448604 41.461
2.466347 41.519
2.484219 41.578
2.502221 41.638
2.520353 41.699
2.538617 41.760
2.557013 41.822
2.575542 41.884
2.594205 41.947
2.613004 42.010
2.631939 42.074
2.651011 42.138
2.670221 42.202
2.689571 42.266
2.709061 42.331
2.728691 42.395
2.748465 42.460
2.768381 42.524
2.788442 42.588
2.808648 42.652
2.829001 42.716
2.849501 42.780
2.870150 42.843
2.890948 42.906
2.911897 42.969
2.932998 43.031
2.954251 43.093
2.975659 43.154
2.997222 43.215
3.018941 43.275
3.040818 43.335
3.062853 43.394
3.085047 43.452
3.107403 43.510
3.129920 43.566
3.152601 43.622
3.175446 43.677
3.198457 43.731
3.221634 43.785
3.244979 43.837
3.268494 43.888
3.292179 43.938
3.316035 43.987
3.340064 44.035
3.364268 44.082
3.388647 44.128
3.413202 44.173
3.437936 44.216
3.462849 44.258
3.487942 44.299
3.513217 44.338
3.538675 44.376
3.564318 44.413
3.590146 44.448
3.616162 44.482
3.642366 44.514
3.668760 44.545
3.695346 44.574
3.722124 44.602
3.749096 44.628
3.776263 44.652
3.803627 44.675
3.831190 44.697
3.858953 44.716
3.886916 44.735
3.915082 44.751
3.943453 44.766
3.972028 44.779
4.000811 44.791
4.029803 44.801
4.059005 44.810
4.088418 44.817
4.118044 44.822
4.147885 44.826
4.177942 44.829
4.208218 44.830
4.238712 44.830
4.269427 44.828
4.300366 44.826
4.331528 44.822
4.362916 44.818
4.394531 44.812
4.426376 44.806
4.458451 44.800
4.490759 44.793
4.523301 44.785
4.556079 44.778
4.589094 44.771
4.622348 44.764
4.655844 44.757
4.689582 44.752
4.723564 44.747
4.757793 44.744
4.792270 44.742
4.826997 44.743
4.861975 44.745
4.897207 44.750
4.932695 44.759
4.968439 44.770
5.004442 44.784
5.040706 44.803
5.077234 44.826
5.114025 44.853
5.151084 44.885
5.188410 44.921
5.226008 44.963
5.263878 45.010
5.302022 45.063
5.340442 45.121
5.379142 45.185
5.418121 45.254
5.457383 45.329
5.496929 45.410
5.536762 45.496
5.576884 45.587
5.617296 45.684
5.658002 45.785
5.699002 45.892
5.740299 46.002
5.781896 46.117
5.823794 46.235
5.865995 46.357
5.908503 46.483
5.951318 46.611
5.994444 46.742
6.037882 46.875
6.081635 47.010
6.125705 47.147
6.170095 47.286
6.214806 47.425
6.259841 47.566
6.305202 47.708
6.350892 47.850
6.396913 47.992
6.443268 48.135
6.489959 48.278
6.536988 48.420
6.584357 48.563
6.632070 48.705
6.680129 48.846
6.728536 48.987
6.777294 49.127
6.826405 49.266
6.875872 49.405
6.925697 49.542
6.975884 49.679
7.026434 49.814
7.077350 49.949
7.128635 50.082
7.180293 50.214
7.232324 50.345
7.284732 50.475
7.337520 50.603
7.390691 50.730
7.444247 50.856
7.498191 50.981
7.552526 51.104
7.607255 51.226
7.662380 51.347
7.717905 51.467
7.773832 51.586
7.830165 51.703
7.886905 51.819
7.944057 51.934
8.001623 52.048
8.059606 52.160
8.118009 52.272
8.176836 52.383
8.236088 52.492
8.295770 52.601
8.355885 52.709
8.416435 52.816
8.477424 52.922
8.538855 53.028
8.600731 53.132
8.663055 53.236
8.725832 53.340
8.789063 53.443
8.852752 53.545
8.916902 53.647
8.981518 53.748
9.046602 53.850
9.112157 53.950
9.178188 54.050
9.244696 54.150
9.311687 54.250
9.379164 54.349
9.447129 54.448
9.515587 54.547
9.584541 54.645
9.653994 54.744
9.723951 54.841
9.794415 54.939
9.865389 55.036
9.936878 55.133
10.008884 55.229
10.081413 55.325
10.154467 55.421
10.228051 55.516
10.302167 55.611
10.376821 55.705
10.452016 55.798
10.527755 55.891
10.604044 55.983
10.680885 56.075
10.758283 56.166
10.836242 56.257
10.914766 56.346
10.993859 56.435
11.073525 56.524
11.153768 56.611
11.234593 56.698
11.316003 56.785
11.398004 56.870
11.480599 56.955
11.563792 57.040
11.647588 57.123
11.731991 57.207
11.817006 57.289
11.902637 57.372
11.988888 57.453
12.075764 57.535
12.163270 57.616
12.251411 57.696
12.340189 57.777
12.429611 57.857
12.519681 57.937
12.610404 58.017
12.701784 58.097
12.793827 58.176
12.886536 58.256
12.979917 58.336
13.073975 58.416
13.168715 58.496
13.264140 58.576
13.360258 58.657
13.457072 58.738
13.554587 58.818
13.652809 58.900
13.751743 58.981
13.851394 59.063
13.951767 59.145
14.052867 59.227
14.154700 59.309
14.257271 59.392
14.360585 59.475
14.464648 59.559
14.569465 59.643
14.675041 59.727
14.781382 59.811
14.888494 59.896
14.996382 59.981
15.105052 60.067
15.214510 60.153
15.324760 60.239
15.435810 60.326
15.547664 60.413
15.660329 60.501
15.773810 60.589
15.888114 60.678
16.003246 60.767
16.119212 60.856
16.236018 60.947
16.353671 61.037
16.472176 61.128
16.591541 61.220
16.711770 61.313
16.832870 61.406
16.954848 61.499
17.077710 61.593
17.201462 61.688
17.326111 61.783
17.451663 61.879
17.578125 61.976
17.705503 62.072
17.833805 62.170
17.963036 62.268
18.093203 62.366
18.224314 62.465
18.356375 62.564
18.489393 62.663
18.623375 62.763
18.758327 62.862
18.894258 62.962
19.031174 63.063
19.169081 63.163
19.307988 63.263
19.447902 63.363
19.588829 63.463
19.730778 63.562
19.873756 63.662
20.017769 63.761
20.162826 63.860
20.308934 63.958
20.456101 64.056
20.604334 64.153
20.753642 64.250
20.904031 64.346
21.055511 64.441
21.208087 64.536
21.361770 64.630
21.516566 64.723
21.672484 64.815
21.829532 64.906
21.987718 64.996
22.147050 65.085
22.307536 65.173
22.469186 65.260
22.632007 65.346
22.796008 65.431
22.961197 65.515
23.127583 65.598
23.295175 65.679
23.463982 65.759
23.634011 65.838
23.805273 65.916
23.977776 65.993
24.151529 66.069
24.326541 66.143
24.502821 66.216
24.680379 66.288
24.859223 66.359
25.039363 66.428
25.220808 66.497
25.403569 66.564
25.587654 66.631
25.773072 66.696
25.959835 66.760
26.147950 66.823
26.337429 66.885
26.528281 66.946
26.720516 67.007
26.914144 67.066
27.109175 67.125
27.305619 67.183
27.503487 67.240
27.702788 67.296
27.903534 67.352
28.105735 67.407
28.309400 67.462
28.514542 67.516
28.721170 67.569
28.929296 67.623
29.138929 67.676
29.350082 67.728
29.562765 67.781
29.776989 67.833
29.992765 67.885
30.210105 67.937
30.429020 67.989
30.649521 68.040
30.871620 68.092
31.095328 68.144
31.320658 68.196
31.547620 68.248
31.776228 68.300
32.006491 68.352
32.238423 68.404
32.472036 68.456
32.707342 68.509
32.944353 68.561
33.183081 68.614
33.423540 68.666
33.665740 68.719
33.909696 68.772
34.155420 68.825
34.402924 68.878
34.652222 68.931
34.903326 68.984
35.156250 69.036
35.411007 69.089
35.667609 69.142
35.926072 69.194
36.186407 69.247
36.448628 69.299
36.712750 69.351
36.978786 69.402
37.246749 69.454
37.516655 69.505
37.788516 69.556
38.062347 69.606
38.338162 69.656
38.615977 69.706
38.895804 69.755
39.177659 69.804
39.461556 69.853
39.747511 69.901
40.035538 69.949
40.325652 69.996
40.617868 70.043
40.912202 70.090
41.208669 70.136
41.507284 70.182
41.808063 70.227
42.111021 70.272
42.416175 70.317
42.723540 70.362
43.033132 70.406
43.344968 70.450
43.659064 70.493
43.975435 70.537
44.294099 70.580
44.615073 70.623
44.938372 70.666
45.264014 70.709
45.592016 70.752
45.922394 70.794
46.255167 70.837
46.590351 70.879
46.927964 70.921
47.268023 70.963
47.610547 71.005
47.955552 71.047
48.303058 71.089
48.653082 71.130
49.005642 71.172
49.360757 71.213
49.718446 71.254
50.078726 71.295
50.441617 71.336
50.807138 71.376
51.175307 71.416
51.546145 71.456
51.919669 71.496
52.295901 71.535
52.674858 71.574
53.056562 71.613
53.441032 71.651
53.828287 71.688
54.218349 71.726
54.611238 71.762
55.006973 71.799
55.405577 71.835
55.807068 71.870
56.211469 71.905
56.618801 71.939
57.029084 71.972
57.442340 72.006
57.858591 72.038
58.277858 72.070
58.700164 72.102
59.125529 72.133
59.553977 72.163
59.985530 72.193
60.420210 72.222
60.858039 72.251
61.299042 72.280
61.743240 72.307
62.190657 72.335
62.641316 72.362
63.095241 72.388
63.552455 72.414
64.012982 72.440
64.476847 72.465
64.944073 72.489
65.414684 72.514
65.888706 72.537
66.366163 72.561
66.847079 72.584
67.331481 72.606
67.819392 72.628
68.310840 72.650
68.805848 72.671
69.304444 72.692
69.806652 72.712
70.312500 72.732
70.822013 72.751
71.335219 72.770
71.852143 72.789
72.372814 72.807
72.897257 72.825
73.425500 72.842
73.957572 72.859
74.493499 72.875
75.033309 72.891
75.577032 72.907
76.124694 72.922
76.676325 72.936
77.231953 72.951
77.791608 72.965
78.355318 72.978
78.923113 72.991
79.495022 73.003
80.071076 73.016
80.651304 73.027
81.235736 73.039
81.824404 73.050
82.417337 73.060
83.014567 73.070
83.616125 73.080
84.222042 73.090
84.832350 73.099
85.447080 73.108
86.066265 73.116
86.689936 73.124
87.318127 73.132
87.950871 73.139
88.588199 73.146
89.230145 73.152
89.876744 73.159
90.528028 73.165
91.184031 73.170
91.844788 73.176
92.510333 73.181
93.180701 73.185
93.855927 73.190
94.536046 73.194
95.221093 73.197
95.911104 73.201
96.606116 73.204
97.306164 73.207
98.011284 73.210
98.721514 73.212
99.436891 73.214
100.157452 73.216
100.883234 73.217
101.614275 73.219
102.350614 73.220
103.092289 73.220
103.839338 73.221
104.591801 73.221
105.349716 73.221
106.113124 73.221
106.882063 73.220
107.656575 73.220
108.436699 73.219
109.222476 73.217
110.013947 73.216
110.811153 73.214
111.614136 73.213
112.422939 73.210
113.237601 73.208
114.058168 73.206
114.884680 73.203
115.717182 73.200
116.555716 73.197
117.400327 73.194
118.251058 73.191
119.107954 73.188
119.971060 73.184
120.840419 73.180
121.716079 73.176
122.598084 73.173
123.486480 73.169
124.381314 73.164
125.282632 73.160
126.190482 73.156
127.104910 73.152
128.025965 73.148
128.953694 73.143
129.888145 73.139
130.829368 73.134
131.777412 73.130
132.732325 73.126
133.694158 73.121
134.662961 73.117
135.638785 73.113
136.621679 73.108
137.611696 73.104
138.608887 73.100
139.613304 73.095
140.625000 73.091
141.644027 73.087
142.670438 73.083
143.704287 73.079
144.745627 73.075
145.794514 73.071
146.851001 73.066
147.915144 73.062
148.986998 73.058
150.066619 73.054
151.154063 73.050
152.249388 73.046
153.352650 73.042
154.463906 73.037
155.583216 73.033
156.710636 73.029
157.846226 73.024
158.990044 73.019
160.142152 73.014
161.302608 73.010
162.471473 73.004
163.648808 72.999
164.834675 72.994
166.029135 72.988
167.232251 72.982
168.444084 72.975
169.664700 72.969
170.894160 72.962
172.132530 72.955
173.379873 72.947
174.636255 72.940
175.901741 72.931
177.176398 72.923
178.460291 72.914
179.753488 72.904
181.056056 72.895
182.368062 72.884
183.689577 72.873
185.020667 72.862
186.361403 72.850
187.711854 72.838
189.072092 72.825
190.442186 72.812
191.822209 72.798
193.212232 72.783
194.612327 72.768
196.022568 72.752
197.443029 72.736
198.873782 72.719
200.314904 72.701
201.766468 72.682
203.228551 72.663
204.701229 72.644
206.184578 72.623
207.678677 72.602
209.183602 72.580
210.699433 72.558
212.226248 72.535
213.764127 72.511
215.313149 72.487
216.873397 72.461
218.444951 72.435
220.027894 72.409
221.622306 72.382
223.228273 72.354
224.845877 72.325
226.475203 72.296
228.116336 72.266
229.769361 72.236
231.434364 72.205
233.111433 72.173
234.800654 72.141
236.502117 72.108
238.215909 72.075
239.942119 72.041
241.680839 72.007
243.432158 71.972
245.196168 71.937
246.972960 71.901
248.762628 71.865
250.565264 71.828
252.380964 71.791
254.209820 71.754
256.051929 71.716
257.907387 71.678
259.776290 71.640
261.658736 71.602
263.554824 71.563
265.464650 71.524
267.388317 71.484
269.325923 71.445
271.277569 71.405
273.243358 71.365
275.223392 71.325
277.217775 71.285
279.226609 71.245
281.250000 71.205
283.288053 71.165
285.340875 71.125
287.408573 71.085
289.491254 71.045
291.589027 71.005
293.702001 70.965
295.830287 70.926
297.973995 70.887
300.133238 70.848
302.308127 70.809
304.498776 70.771
306.705300 70.732
308.927813 70.695
311.166431 70.658
313.421271 70.621
315.692451 70.584
317.980089 70.548
320.284304 70.513
322.605216 70.478
324.942946 70.444
327.297617 70.410
329.669350 70.377
332.058270 70.345
334.464501 70.313
336.888169 70.282
339.329399 70.252
341.788320 70.222
344.265059 70.193
346.759746 70.165
349.272510 70.137
351.803482 70.110
354.352795 70.084
356.920582 70.059
359.506975 70.034
362.112111 70.010
364.736125 69.986
367.379153 69.963
370.041334 69.941
372.722806 69.920
375.423709 69.899
378.144184 69.878
380.884373 69.859
383.644418 69.839
386.424463 69.820
389.224654 69.802
392.045137 69.784
394.886057 69.767
397.747564 69.749
400.629807 69.732
403.532936 69.716
406.457102 69.699
409.402458 69.683
412.369157 69.667
415.357354 69.650
418.367204 69.634
421.398865 69.618
424.452495 69.601
427.528253 69.584
430.626299 69.567
433.746795 69.550
436.889903 69.532
440.055787 69.514
443.244613 69.496
446.456546 69.477
449.691754 69.457
452.950406 69.437
456.232671 69.416
459.538721 69.394
462.868728 69.372
466.222866 69.349
469.601309 69.326
473.004234 69.301
476.431817 69.276
479.884239 69.250
483.361678 69.224
486.864316 69.196
490.392335 69.168
493.945920 69.140
497.525256 69.111
501.130529 69.081
504.761927 69.051
508.419640 69.021
512.103859 68.990
515.814774 68.959
519.552581 68.928
523.317473 68.896
527.109647 68.865
530.929301 68.833
534.776633 68.801
538.651845 68.770
542.555139 68.738
546.486717 68.706
550.446785 68.675
554.435549 68.644
558.453218 68.612
562.500000 68.582
566.576107 68.551
570.681751 68.521
574.817146 68.491
578.982508 68.462
583.178054 68.432
587.404003 68.404
591.660574 68.375
595.947991 68.348
600.266475 68.320
604.616254 68.293
608.997552 68.267
613.410600 68.241
617.855626 68.215
622.332862 68.190
626.842543 68.165
631.384902 68.141
635.960177 68.118
640.568607 68.095
645.210431 68.072
649.885892 68.050
654.595233 68.028
659.338700 68.008
664.116540 67.987
668.929002 67.967
673.776337 67.948
678.658799 67.930
683.576640 67.912
688.530118 67.894
693.519491 67.877
698.545019 67.861
703.606964 67.846
708.705591 67.831
713.841163 67.817
719.013951 67.803
724.224222 67.790
729.472249 67.778
734.758306 67.766
740.082668 67.755
745.445612 67.744
750.847418 67.734
756.288368 67.725
761.768745 67.716
767.288835 67.708
772.848927 67.700
778.449309 67.693
784.090273 67.686
789.772115 67.680
795.495129 67.675
801.259614 67.670
807.065872 67.666
812.914204 67.662
818.804915 67.659
824.738313 67.656
830.714707 67.653
836.734408 67.652
842.797731 67.650
848.904991 67.649
855.056506 67.648
861.252598 67.648
867.493589 67.648
873.779805 67.648
880.111574 67.649
886.489225 67.649
892.913092 67.650
899.383508 67.650
905.900812 67.651
912.465342 67.651
919.077442 67.652
925.737456 67.652
932.445732 67.651
939.202618 67.651
946.008467 67.650
952.863634 67.649
959.768477 67.647
966.723355 67.645
973.728631 67.643
980.784670 67.640
987.891840 67.637
995.050512 67.633
1002.261058 67.629
1009.523855 67.625
1016.839281 67.620
1024.207717 67.616
1031.629549 67.611
1039.105162 67.606
1046.634946 67.600
1054.219294 67.595
1061.858602 67.589
1069.553267 67.583
1077.303691 67.577
1085.110277 67.571
1092.973434 67.564
1100.893570 67.557
1108.871098 67.550
1116.906436 67.543
1125.000000 67.535
1133.152214 67.527
1141.363502 67.518
1149.634292 67.509
1157.965016 67.499
1166.356108 67.489
1174.808005 67.479
1183.321148 67.468
1191.895981 67.456
1200.532951 67.444
1209.232507 67.432
1217.995105 67.418
1226.821199 67.405
1235.711251 67.391
1244.665724 67.376
1253.685085 67.361
1262.769804 67.345
1271.920355 67.329
1281.137214 67.312
1290.420862 67.295
1299.771784 67.277
1309.190466 67.259
1318.677400 67.240
1328.233080 67.220
1337.858004 67.200
1347.552675 67.179
1357.317597 67.158
1367.153280 67.137
1377.060236 67.115
1387.038982 67.092
1397.090039 67.069
1407.213929 67.046
1417.411181 67.022
1427.682327 66.998
1438.027902 66.974
1448.448444 66.950
1458.944499 66.925
1469.516612 66.901
1480.165335 66.877
1490.891224 66.853
1501.694836 66.829
1512.576736 66.806
1523.537490 66.783
1534.577671 66.760
1545.697853 66.738
1556.898617 66.717
1568.180546 66.696
1579.544229 66.675
1590.990258 66.656
1602.519229 66.637
1614.131744 66.618
1625.828408 66.600
1637.609831 66.582
1649.476627 66.565
1661.429414 66.547
1673.468817 66.530
1685.595461 66.513
1697.809981 66.497
1710.113012 66.479
1722.505196 66.462
1734.987179 66.445
1747.559611 66.427
1760.223148 66.408
1772.978451 66.389
1785.826183 66.370
1798.767016 66.349
1811.801623 66.328
1824.930685 66.306
1838.154885 66.283
1851.474913 66.259
1864.891463 66.234
1878.405236 66.208
1892.016934 66.181
1905.727269 66.153
1919.536954 66.123
1933.446710 66.092
1947.457262 66.059
1961.569340 66.025
1975.783680 65.989
1990.101023 65.951
2004.522116 65.912
2019.047709 65.871
2033.678561 65.828
2048.415435 65.783
2063.259097 65.735
2078.210323 65.686
2093.269892 65.633
2108.438588 65.579
2123.717204 65.521
2139.106534 65.461
2154.607382 65.399
2170.220555 65.333
2185.946868 65.265
2201.787140 65.194
2217.742197 65.121
2233.812871 65.044
2250.000000 64.966
2266.304428 64.885
2282.727004 64.802
2299.268584 64.717
2315.930032 64.631
2332.712216 64.544
2349.616010 64.456
2366.642297 64.367
2383.791962 64.279
2401.065902 64.190
2418.465015 64.103
2435.990209 64.016
2453.642398 63.932
2471.422503 63.848
2489.331449 63.767
2507.370171 63.689
2525.539609 63.612
2543.840710 63.539
2562.274428 63.468
2580.841725 63.401
2599.543568 63.337
2618.380932 63.276
2637.354800 63.218
2656.466160 63.164
2675.716009 63.115
2695.105350 63.069
2714.635194 63.028
2734.306560 62.992
2754.120472 62.961
2774.077965 62.936
2794.180077 62.918
2814.427858 62.906
2834.822362 62.902
2855.364654 62.905
2876.055803 62.917
2896.896889 62.938
2917.888998 62.968
2939.033224 63.007
2960.330671 63.056
2981.782447 63.115
3003.389672 63.183
3025.153472 63.261
3047.074981 63.347
3069.155342 63.442
3091.395707 63.545
3113.797234 63.656
3136.361093 63.773
3159.088458 63.895
3181.980515 64.023
3205.038458 64.154
3228.263488 64.289
3251.656816 64.427
3275.219661 64.566
3298.953253 64.706
3322.858828 64.846
3346.937633 64.986
3371.190923 65.124
3395.619962 65.260
3420.226024 65.394
3445.010392 65.525
3469.974357 65.651
3495.119222 65.773
3520.446296 65.891
3545.956901 66.002
3571.652367 66.108
3597.534032 66.206
3623.603247 66.298
3649.861370 66.383
3676.309770 66.459
3702.949826 66.528
3729.782927 66.588
3756.810471 66.639
3784.033869 66.682
3811.454538 66.715
3839.073909 66.740
3866.893421 66.756
3894.914525 66.763
3923.138681 66.762
3951.567361 66.752
3980.202047 66.734
4009.044232 66.709
4038.095419 66.676
4067.357123 66.637
4096.830869 66.592
4126.518194 66.542
4156.420646 66.487
4186.539784 66.428
4216.877177 66.365
4247.434407 66.300
4278.213068 66.232
4309.214763 66.164
4340.441110 66.094
4371.893735 66.024
4403.574279 65.954
4435.484394 65.885
4467.625742 65.816
4500.000000 65.748
4532.608855 65.681
4565.454007 65.614
4598.537169 65.548
4631.860065 65.482
4665.424432 65.416
4699.232021 65.350
4733.284593 65.284
4767.583925 65.216
4802.131803 65.147
4836.930030 65.077
4871.980419 65.005
4907.284797 64.930
4942.845006 64.853
4978.662898 64.773
5014.740342 64.690
5051.079217 64.603
5087.681420 64.513
5124.548856 64.420
5161.683450 64.322
5199.087136 64.221
5236.761864 64.115
5274.709600 64.005
5312.932320 63.890
5351.432018 63.771
5390.210700 63.648
5429.270389 63.520
5468.613120 63.386
5508.240945 63.248
5548.155929 63.105
5588.360154 62.956
5628.855716 62.802
5669.644725 62.641
5710.729307 62.475
5752.111606 62.303
5793.793778 62.124
5835.777996 61.938
5878.066449 61.746
5920.661342 61.547
5963.564894 61.340
6006.779344 61.127
6050.306943 60.906
6094.149961 60.679
6138.310684 60.444
6182.791414 60.204
6227.594469 59.957
6272.722186 59.705
6318.176916 59.449
6363.961031 59.191
6410.076916 58.930
6456.526975 58.671
6503.313631 58.414
6550.439323 58.163
6597.906506 57.922
6645.717657 57.693
6693.875266 57.482
6742.381846 57.292
6791.239924 57.128
6840.452048 56.994
6890.020784 56.894
6939.948714 56.830
6990.238444 56.803
7040.892593 56.814
7091.913803 56.860
7143.304734 56.940
7195.068065 57.048
7247.206494 57.181
7299.722739 57.334
7352.619540 57.502
7405.899652 57.681
7459.565853 57.866
7513.620943 58.056
7568.067737 58.245
7622.909076 58.433
7678.147817 58.616
7733.786842 58.792
7789.829049 58.961
7846.277361 59.121
7903.134722 59.271
7960.404094 59.410
8018.088463 59.538
8076.190838 59.654
8134.714246 59.758
8193.661738 59.850
8253.036389 59.929
8312.841293 59.997
8373.079567 60.054
8433.754353 60.099
8494.868814 60.133
8556.426135 60.157
8618.429526 60.172
8680.882219 60.179
8743.787470 60.178
8807.148559 60.171
8870.968788 60.158
8935.251484 60.141
9000.000000 60.120
9065.217710 60.098
9130.908014 60.075
9197.074338 60.051
9263.720130 60.029
9330.848865 60.007
9398.464042 59.988
9466.569187 59.971
9535.167849 59.957
9604.263606 59.945
9673.860059 59.936
9743.960837 59.928
9814.569594 59.921
9885.690011 59.916
9957.325796 59.910
10029.480683 59.904
10102.158435 59.896
10175.362839 59.886
10249.097713 59.873
10323.366900 59.856
10398.174272 59.835
10473.523729 59.808
10549.419199 59.775
10625.864640 59.736
10702.864035 59.690
10780.421400 59.637
10858.540777 59.576
10937.226240 59.506
11016.481890 59.428
11096.311859 59.340
11176.720309 59.244
11257.711431 59.138
11339.289449 59.022
11421.458615 58.897
11504.223212 58.762
11587.587556 58.616
11671.555992 58.461
11756.132898 58.295
11841.322683 58.119
11927.129788 57.932
12013.558688 57.735
12100.613886 57.527
12188.299922 57.308
12276.621368 57.079
12365.582827 56.839
12455.188938 56.587
12545.444371 56.325
12636.353832 56.052
12727.922061 55.768
12820.153831 55.474
12913.053951 55.168
13006.627263 54.852
13100.878646 54.526
13195.813013 54.189
13291.435313 53.842
13387.750533 53.486
13484.763692 53.120
13582.479848 52.746
13680.904096 52.364
13780.041567 51.973
13879.897429 51.576
13980.476887 51.173
14081.785186 50.764
14183.827606 50.350
14286.609468 49.932
14390.136129 49.510
14494.412988 49.086
14599.445479 48.660
14705.239079 48.233
14811.799303 47.805
14919.131707 47.377
15027.241885 46.950
15136.135475 46.525
15245.818152 46.101
15356.295635 45.679
15467.573683 45.260
15579.658098 44.845
15692.554723 44.433
15806.269443 44.026
15920.808187 43.623
16036.176927 43.226
16152.381675 42.834
16269.428491 42.447
16387.323477 42.066
16506.072778 41.690
16625.682585 41.320
16746.159135 40.955
16867.508707 40.594
16989.737628 40.238
17112.852271 39.886
17236.859053 39.537
17361.764439 39.193
17487.574941 38.855
17614.297118 38.522
17741.937576 38.198
17870.502969 37.886
18000.000000 37.588
18130.435420 37.311
18261.816029 37.059
18394.148676 36.836
18527.440260 36.646
18661.697729 36.493
18796.928084 36.375
18933.138373 36.290
19070.335698 36.234
19208.527212 36.200
19347.720119 36.182
19487.921674 36.174
19629.139188 36.171
19771.380022 36.170
19914.651592 36.170
20058.961367 36.170
