* Measurement data measured by REW V5.31.3
* Source: Microphone (Realtek High Definition Audio), no input selected, R, volume: no control
* Format: 64k Log Swept Sine, 4 sweeps at 12.0- dBFS with no timing reference
* Dated: 26/03/2025 09:34:59 „
* REW Settings:
*  C-weighting compensation: Off
*  Target level: -8.0 dB
* Note: 
* Measurement: L1
* Smoothing: Psychoacoustic
* Frequency Step: 96 ppo
* Start Frequency: 0.36621094 Hz
*
* Freq(Hz) SPL(dB) Phase(degrees)
0.366211 35.162 34.3328
0.368865 35.179 34.3277
0.371538 35.197 34.3223
0.374230 35.216 34.3166
0.376942 35.236 34.3108
0.379673 35.257 34.3047
0.382424 35.279 34.2985
0.385196 35.301 34.2920
0.387987 35.325 34.2854
0.390798 35.349 34.2786
0.393630 35.374 34.2716
0.396483 35.400 34.2645
0.399356 35.427 34.2573
0.402250 35.454 34.2500
0.405165 35.482 34.2425
0.408101 35.510 34.2349
0.411058 35.539 34.2273
0.414037 35.569 34.2195
0.417037 35.600 34.2117
0.420059 35.630 34.2038
0.423103 35.662 34.1958
0.426169 35.694 34.1877
0.429257 35.726 34.1796
0.432368 35.759 34.1713
0.435501 35.792 34.1630
0.438656 35.826 34.1545
0.441835 35.860 34.1460
0.445037 35.894 34.1373
0.448262 35.929 34.1284
0.451510 35.964 34.1195
0.454782 35.999 34.1103
0.458077 36.035 34.1010
0.461397 36.071 34.0915
0.464740 36.108 34.0817
0.468108 36.145 34.0718
0.471500 36.182 34.0615
0.474917 36.219 34.0510
0.478358 36.257 34.0401
0.481825 36.295 34.0289
0.485316 36.333 34.0173
0.488833 36.372 34.0054
0.492375 36.411 33.9930
0.495943 36.450 33.9801
0.499537 36.490 33.9668
0.503157 36.530 33.9530
0.506803 36.570 33.9386
0.510475 36.610 33.9236
0.514175 36.651 33.9080
0.517900 36.692 33.8917
0.521653 36.733 33.8747
0.525434 36.775 33.8570
0.529241 36.817 33.8386
0.533076 36.859 33.8193
0.536939 36.902 33.7992
0.540830 36.945 33.7781
0.544749 36.988 33.7562
0.548696 37.031 33.7332
0.552673 37.075 33.7093
0.556677 37.119 33.6842
0.560711 37.163 33.6581
0.564774 37.208 33.6308
0.568867 37.253 33.6023
0.572989 37.298 33.5725
0.577141 37.343 33.5414
0.581324 37.389 33.5090
0.585536 37.435 33.4752
0.589779 37.481 33.4399
0.594053 37.527 33.4031
0.598358 37.574 33.3647
0.602694 37.621 33.3247
0.607061 37.668 33.2831
0.611460 37.715 33.2397
0.615891 37.762 33.1946
0.620354 37.810 33.1477
0.624849 37.858 33.0989
0.629377 37.905 33.0481
0.633938 37.953 32.9954
0.638532 38.001 32.9406
0.643159 38.049 32.8837
0.647819 38.098 32.8247
0.652514 38.146 32.7635
0.657242 38.194 32.7001
0.662005 38.242 32.6343
0.666802 38.290 32.5663
0.671634 38.338 32.4958
0.676501 38.386 32.4230
0.681403 38.434 32.3476
0.686341 38.482 32.2698
0.691314 38.529 32.1894
0.696324 38.577 32.1065
0.701370 38.624 32.0210
0.706452 38.671 31.9328
0.711571 38.717 31.8420
0.716728 38.764 31.7485
0.721921 38.810 31.6524
0.727153 38.855 31.5535
0.732422 38.901 31.4520
0.737729 38.946 31.3477
0.743075 38.990 31.2407
0.748460 39.035 31.1310
0.753883 39.079 31.0186
0.759346 39.122 30.9035
0.764849 39.166 30.7857
0.770391 39.209 30.6652
0.775974 39.251 30.5421
0.781597 39.293 30.4163
0.787261 39.335 30.2879
0.792966 39.377 30.1570
0.798712 39.418 30.0234
0.804500 39.459 29.8874
0.810329 39.499 29.7488
0.816201 39.539 29.6077
0.822116 39.579 29.4642
0.828073 39.618 29.3183
0.834074 39.657 29.1700
0.840118 39.696 29.0193
0.846206 39.735 28.8663
0.852338 39.773 28.7110
0.858514 39.811 28.5535
0.864735 39.848 28.3937
0.871001 39.885 28.2317
0.877313 39.922 28.0675
0.883670 39.959 27.9011
0.890074 39.995 27.7326
0.896524 40.031 27.5620
0.903020 40.067 27.3892
0.909564 40.102 27.2143
0.916155 40.137 27.0373
0.922794 40.172 26.8582
0.929481 40.206 26.6770
0.936216 40.240 26.4937
0.943000 40.274 26.3082
0.949834 40.308 26.1206
0.956717 40.341 25.9309
0.963649 40.374 25.7389
0.970632 40.406 25.5448
0.977666 40.438 25.3484
0.984750 40.470 25.1497
0.991886 40.502 24.9486
0.999074 40.533 24.7452
1.006314 40.564 24.5393
1.013606 40.594 24.3309
1.020951 40.624 24.1199
1.028349 40.654 23.9063
1.035801 40.683 23.6900
1.043307 40.712 23.4709
1.050867 40.741 23.2489
1.058482 40.769 23.0241
1.066152 40.797 22.7962
1.073878 40.824 22.5653
1.081660 40.851 22.3312
1.089498 40.877 22.0940
1.097393 40.903 21.8535
1.105345 40.928 21.6097
1.113355 40.953 21.3626
1.121423 40.978 21.1121
1.129549 41.002 20.8582
1.137734 41.025 20.6009
1.145979 41.048 20.3402
1.154283 41.070 20.0761
1.162647 41.092 19.8086
1.171072 41.113 19.5378
1.179558 41.133 19.2636
1.188106 41.153 18.9863
1.196715 41.173 18.7058
1.205387 41.191 18.4222
1.214122 41.209 18.1356
1.222920 41.227 17.8462
1.231782 41.243 17.5540
1.240708 41.259 17.2592
1.249699 41.274 16.9620
1.258754 41.289 16.6624
1.267876 41.303 16.3606
1.277063 41.316 16.0567
1.286318 41.328 15.7510
1.295639 41.340 15.4436
1.305027 41.350 15.1346
1.314484 41.360 14.8242
1.324009 41.369 14.5126
1.333604 41.377 14.1999
1.343268 41.385 13.8862
1.353002 41.391 13.5718
1.362806 41.397 13.2566
1.372681 41.402 12.9410
1.382628 41.405 12.6250
1.392647 41.408 12.3087
1.402739 41.410 11.9923
1.412904 41.411 11.6758
1.423142 41.411 11.3593
1.433455 41.410 11.0430
1.443843 41.408 10.7270
1.454305 41.405 10.4112
1.464844 41.400 10.0959
1.475459 41.395 9.7812
1.486150 41.389 9.4670
1.496920 41.381 9.1535
1.507767 41.372 8.8408
1.518693 41.362 8.5291
1.529698 41.351 8.2184
1.540783 41.339 7.9088
1.551948 41.325 7.6006
1.563194 41.310 7.2939
1.574521 41.294 6.9888
1.585931 41.277 6.6855
1.597423 41.258 6.3842
1.608999 41.237 6.0852
1.620658 41.215 5.7886
1.632402 41.192 5.4948
1.644232 41.167 5.2040
1.656146 41.141 4.9164
1.668147 41.113 4.6324
1.680235 41.084 4.3523
1.692411 41.053 4.0763
1.704675 41.020 3.8049
1.717028 40.986 3.5384
1.729470 40.950 3.2773
1.742003 40.912 3.0217
1.754626 40.872 2.7723
1.767341 40.831 2.5294
1.780147 40.787 2.2935
1.793047 40.742 2.0650
1.806040 40.695 1.8445
1.819128 40.647 1.6325
1.832310 40.596 1.4295
1.845587 40.543 1.2363
1.858961 40.488 1.0533
1.872432 40.432 0.8813
1.886001 40.373 0.7209
1.899667 40.313 0.5731
1.913433 40.250 0.4386
1.927299 40.186 0.3184
1.941265 40.119 0.2133
1.955332 40.051 0.1244
1.969501 39.980 0.0527
1.983773 39.908 -0.0004
1.998148 39.834 -0.0338
2.012627 39.758 -0.0462
2.027212 39.680 -0.0362
2.041902 39.600 -0.0022
2.056698 39.519 0.0573
2.071602 39.436 0.1439
2.086614 39.352 0.2596
2.101734 39.266 0.4059
2.116964 39.179 0.5851
2.132304 39.091 0.7989
2.147756 39.002 1.0495
2.163320 38.913 1.3392
2.178996 38.823 1.6700
2.194786 38.733 2.0444
2.210690 38.643 2.4645
2.226710 38.554 2.9329
2.242845 38.466 3.4518
2.259098 38.380 4.0237
2.275468 38.296 4.6506
2.291957 38.214 5.3349
2.308566 38.136 6.0785
2.325295 38.063 6.8833
2.342145 37.995 7.7508
2.359117 37.932 8.6822
2.376212 37.877 9.6784
2.393431 37.829 10.7395
2.410775 37.791 11.8653
2.428244 37.762 13.0549
2.445840 37.745 14.3064
2.463564 37.739 15.6172
2.481416 37.745 16.9840
2.499397 37.765 18.4022
2.517509 37.798 19.8666
2.535752 37.845 21.3708
2.554127 37.907 22.9078
2.572635 37.982 24.4696
2.591277 38.072 26.0478
2.610055 38.175 27.6334
2.628968 38.290 29.2172
2.648019 38.418 30.7899
2.667208 38.557 32.3424
2.686535 38.707 33.8660
2.706003 38.866 35.3523
2.725612 39.033 36.7938
2.745363 39.208 38.1838
2.765257 39.390 39.5165
2.785295 39.577 40.7868
2.805478 39.769 41.9909
2.825808 39.964 43.1257
2.846285 40.163 44.1891
2.866910 40.365 45.1796
2.887685 40.568 46.0967
2.908611 40.772 46.9405
2.929688 40.978 47.7115
2.950917 41.183 48.4108
2.972301 41.388 49.0400
2.993839 41.593 49.6007
3.015534 41.796 50.0952
3.037386 41.999 50.5255
3.059396 42.200 50.8940
3.081565 42.399 51.2032
3.103896 42.596 51.4556
3.126388 42.791 51.6536
3.149043 42.983 51.7998
3.171862 43.173 51.8967
3.194847 43.361 51.9465
3.217998 43.545 51.9518
3.241317 43.727 51.9148
3.264805 43.906 51.8377
3.288463 44.082 51.7227
3.312293 44.255 51.5719
3.336295 44.425 51.3874
3.360471 44.591 51.1709
3.384822 44.755 50.9245
3.409350 44.915 50.6499
3.434056 45.072 50.3488
3.458940 45.226 50.0229
3.484005 45.376 49.6739
3.509252 45.524 49.3031
3.534681 45.668 48.9123
3.560295 45.809 48.5027
3.586094 45.946 48.0758
3.612081 46.080 47.6329
3.638255 46.211 47.1753
3.664620 46.339 46.7044
3.691175 46.464 46.2213
3.717923 46.585 45.7273
3.744864 46.704 45.2235
3.772001 46.819 44.7111
3.799335 46.931 44.1912
3.826866 47.041 43.6649
3.854597 47.147 43.1334
3.882529 47.250 42.5977
3.910664 47.350 42.0588
3.939002 47.448 41.5178
3.967546 47.543 40.9758
3.996296 47.635 40.4338
4.025255 47.724 39.8927
4.054423 47.811 39.3535
4.083804 47.896 38.8173
4.113396 47.978 38.2849
4.143204 48.058 37.7574
4.173227 48.136 37.2357
4.203468 48.212 36.7206
4.233928 48.285 36.2132
4.264609 48.358 35.7142
4.295512 48.428 35.2245
4.326639 48.497 34.7450
4.357992 48.565 34.2764
4.389572 48.632 33.8195
4.421380 48.698 33.3751
4.453419 48.763 32.9436
4.485691 48.828 32.5259
4.518196 48.893 32.1225
4.550936 48.957 31.7337
4.583914 49.022 31.3602
4.617131 49.087 31.0022
4.650589 49.153 30.6599
4.684289 49.220 30.3336
4.718233 49.288 30.0234
4.752424 49.358 29.7291
4.786862 49.429 29.4507
4.821549 49.502 29.1880
4.856488 49.578 28.9404
4.891680 49.656 28.7076
4.927127 49.736 28.4889
4.962831 49.819 28.2835
4.998794 49.906 28.0906
5.035017 49.995 27.9091
5.071503 50.087 27.7380
5.108253 50.183 27.5760
5.145270 50.282 27.4218
5.182555 50.385 27.2738
5.220110 50.490 27.1307
5.257937 50.599 26.9907
5.296038 50.712 26.8523
5.334415 50.827 26.7138
5.373071 50.945 26.5734
5.412006 51.066 26.4295
5.451224 51.190 26.2804
5.490725 51.317 26.1244
5.530514 51.445 25.9599
5.570590 51.576 25.7854
5.610957 51.708 25.5994
5.651616 51.842 25.4005
5.692570 51.978 25.1876
5.733821 52.114 24.9594
5.775370 52.251 24.7150
5.817221 52.389 24.4535
5.859375 52.527 24.1741
5.901834 52.665 23.8764
5.944602 52.803 23.5597
5.987679 52.941 23.2239
6.031068 53.078 22.8687
6.074771 53.215 22.4941
6.118792 53.350 22.1001
6.163131 53.485 21.6870
6.207792 53.619 21.2551
6.252776 53.751 20.8049
6.298086 53.882 20.3367
6.343725 54.011 19.8513
6.389694 54.139 19.3493
6.435996 54.265 18.8314
6.482634 54.389 18.2985
6.529610 54.512 17.7514
6.576926 54.633 17.1911
6.624585 54.752 16.6185
6.672590 54.869 16.0346
6.720942 54.984 15.4403
6.769645 55.098 14.8367
6.818700 55.210 14.2248
6.868111 55.320 13.6055
6.917881 55.428 12.9799
6.968010 55.535 12.3489
7.018504 55.640 11.7136
7.069362 55.744 11.0748
7.120590 55.846 10.4334
7.172189 55.947 9.7904
7.224161 56.047 9.1465
7.276511 56.145 8.5026
7.329239 56.243 7.8593
7.382350 56.339 7.2174
7.435845 56.435 6.5775
7.489729 56.530 5.9402
7.544002 56.624 5.3060
7.598669 56.717 4.6753
7.653732 56.811 4.0487
7.709194 56.903 3.4265
7.765058 56.996 2.8089
7.821327 57.088 2.1963
7.878004 57.181 1.5887
7.935091 57.273 0.9865
7.992592 57.365 0.3897
8.050510 57.458 -0.2017
8.108847 57.550 -0.7875
8.167607 57.643 -1.3679
8.226793 57.736 -1.9428
8.286408 57.830 -2.5123
8.346454 57.923 -3.0764
8.406936 58.017 -3.6354
8.467856 58.112 -4.1892
8.529218 58.206 -4.7381
8.591024 58.301 -5.2820
8.653278 58.397 -5.8212
8.715983 58.493 -6.3558
8.779143 58.589 -6.8859
8.842760 58.686 -7.4116
8.906839 58.783 -7.9330
8.971381 58.880 -8.4501
9.036392 58.978 -8.9632
9.101873 59.076 -9.4721
9.167829 59.174 -9.9771
9.234263 59.272 -10.4781
9.301178 59.371 -10.9752
9.368578 59.470 -11.4683
9.436467 59.570 -11.9575
9.504847 59.669 -12.4428
9.573723 59.769 -12.9242
9.643099 59.870 -13.4017
9.712976 59.970 -13.8751
9.783361 60.071 -14.3446
9.854255 60.171 -14.8100
9.925663 60.272 -15.2713
9.997588 60.374 -15.7284
10.070035 60.475 -16.1814
10.143007 60.577 -16.6301
10.216507 60.679 -17.0744
10.290540 60.781 -17.5144
10.365109 60.884 -17.9499
10.440219 60.986 -18.3809
10.515873 61.090 -18.8074
10.592076 61.193 -19.2292
10.668830 61.297 -19.6464
10.746141 61.401 -20.0590
10.824012 61.505 -20.4669
10.902447 61.610 -20.8701
10.981451 61.716 -21.2688
11.061027 61.822 -21.6631
11.141180 61.928 -22.0530
11.221913 62.035 -22.4387
11.303232 62.142 -22.8204
11.385140 62.250 -23.1986
11.467641 62.359 -23.5734
11.550741 62.468 -23.9453
11.634442 62.578 -24.3147
11.718750 62.689 -24.6823
11.803669 62.800 -25.0486
11.889203 62.911 -25.4142
11.975357 63.023 -25.7798
12.062136 63.135 -26.1463
12.149543 63.248 -26.5144
12.237583 63.361 -26.8849
12.326262 63.474 -27.2586
12.415583 63.587 -27.6364
12.505552 63.700 -28.0192
12.596172 63.813 -28.4076
12.687449 63.925 -28.8025
12.779387 64.037 -29.2046
12.871992 64.149 -29.6145
12.965268 64.259 -30.0328
13.059220 64.369 -30.4599
13.153852 64.477 -30.8963
13.249170 64.585 -31.3422
13.345179 64.691 -31.7978
13.441884 64.795 -32.2633
13.539289 64.898 -32.7385
13.637401 65.000 -33.2234
13.736223 65.100 -33.7177
13.835761 65.198 -34.2212
13.936021 65.294 -34.7335
14.037007 65.389 -35.2541
14.138725 65.482 -35.7826
14.241180 65.573 -36.3184
14.344377 65.662 -36.8610
14.448323 65.750 -37.4097
14.553021 65.836 -37.9640
14.658478 65.920 -38.5233
14.764700 66.003 -39.0870
14.871691 66.084 -39.6545
14.979457 66.164 -40.2254
15.088005 66.243 -40.7991
15.197339 66.321 -41.3751
15.307465 66.398 -41.9532
15.418389 66.475 -42.5328
15.530117 66.550 -43.1137
15.642655 66.625 -43.6957
15.756008 66.700 -44.2785
15.870182 66.774 -44.8619
15.985184 66.848 -45.4458
16.101019 66.922 -46.0301
16.217694 66.997 -46.6147
16.335214 67.071 -47.1995
16.453586 67.146 -47.7847
16.572815 67.222 -48.3701
16.692909 67.297 -48.9557
16.813872 67.374 -49.5416
16.935713 67.452 -50.1279
17.058436 67.530 -50.7144
17.182048 67.609 -51.3014
17.306556 67.689 -51.8886
17.431967 67.770 -52.4762
17.558286 67.853 -53.0642
17.685521 67.936 -53.6525
17.813677 68.021 -54.2411
17.942762 68.107 -54.8299
18.072783 68.194 -55.4188
18.203746 68.282 -56.0078
18.335658 68.372 -56.5968
18.468526 68.463 -57.1855
18.602356 68.555 -57.7740
18.737156 68.648 -58.3619
18.872934 68.742 -58.9491
19.009695 68.837 -59.5355
19.147447 68.933 -60.1208
19.286197 69.030 -60.7047
19.425953 69.128 -61.2870
19.566721 69.226 -61.8675
19.708510 69.325 -62.4458
19.851326 69.425 -63.0216
19.995177 69.525 -63.5945
20.140070 69.625 -64.1643
20.286013 69.725 -64.7306
20.433014 69.826 -65.2929
20.581080 69.926 -65.8510
20.730219 70.026 -66.4044
20.880439 70.126 -66.9526
21.031747 70.225 -67.4954
21.184152 70.324 -68.0324
21.337661 70.423 -68.5631
21.492282 70.520 -69.0873
21.648024 70.617 -69.6046
21.804895 70.713 -70.1148
21.962902 70.809 -70.6174
22.122054 70.903 -71.1125
22.282360 70.996 -71.5998
22.443827 71.088 -72.0791
22.606464 71.179 -72.5505
22.770280 71.268 -73.0139
22.935283 71.356 -73.4693
23.101481 71.443 -73.9170
23.268884 71.529 -74.3570
23.437500 71.613 -74.7896
23.607338 71.696 -75.2151
23.778406 71.777 -75.6339
23.950714 71.856 -76.0463
24.124271 71.934 -76.4528
24.299086 72.011 -76.8538
24.475167 72.085 -77.2500
24.652524 72.159 -77.6418
24.831166 72.230 -78.0298
25.011103 72.300 -78.4147
25.192344 72.368 -78.7971
25.374898 72.434 -79.1775
25.558775 72.499 -79.5567
25.743984 72.562 -79.9353
25.930536 72.623 -80.3140
26.118439 72.683 -80.6934
26.307704 72.741 -81.0742
26.498341 72.798 -81.4572
26.690359 72.853 -81.8430
26.883768 72.906 -82.2323
27.078579 72.959 -82.6258
27.274801 73.010 -83.0241
27.472446 73.059 -83.4280
27.671522 73.108 -83.8382
27.872042 73.156 -84.2552
28.074014 73.202 -84.6797
28.277450 73.248 -85.1124
28.482360 73.293 -85.5538
28.688755 73.337 -86.0044
28.896645 73.381 -86.4648
29.106042 73.425 -86.9353
29.316957 73.468 -87.4163
29.529400 73.510 -87.9081
29.743382 73.553 -88.4110
29.958915 73.596 -88.9252
30.176009 73.639 -89.4505
30.394677 73.682 -89.9872
30.614929 73.725 -90.5350
30.836778 73.769 -91.0938
31.060234 73.813 -91.6632
31.285309 73.858 -92.2428
31.512015 73.904 -92.8322
31.740364 73.950 -93.4307
31.970368 73.997 -94.0377
32.202039 74.045 -94.6524
32.435388 74.093 -95.2740
32.670428 74.143 -95.9015
32.907171 74.193 -96.5339
33.145630 74.245 -97.1702
33.385817 74.297 -97.8093
33.627745 74.350 -98.4500
33.871425 74.404 -99.0911
34.116871 74.459 -99.7315
34.364096 74.515 -100.3700
34.613113 74.571 -101.0054
34.863934 74.628 -101.6365
35.116572 74.685 -102.2623
35.371041 74.743 -102.8816
35.627354 74.801 -103.4935
35.885525 74.859 -104.0970
36.145566 74.917 -104.6913
36.407492 74.976 -105.2757
36.671316 75.034 -105.8493
36.937051 75.091 -106.4118
37.204712 75.149 -106.9628
37.474313 75.205 -107.5017
37.745867 75.261 -108.0286
38.019389 75.316 -108.5433
38.294893 75.371 -109.0460
38.572394 75.424 -109.5368
38.851905 75.476 -110.0160
39.133442 75.526 -110.4842
39.417019 75.576 -110.9418
39.702651 75.624 -111.3897
39.990353 75.670 -111.8285
40.280140 75.715 -112.2592
40.572026 75.759 -112.6828
40.866028 75.800 -113.1004
41.162160 75.840 -113.5130
41.460438 75.879 -113.9219
41.760877 75.915 -114.3282
42.063494 75.950 -114.7332
42.368303 75.984 -115.1382
42.675322 76.016 -115.5444
42.984565 76.046 -115.9530
43.296048 76.075 -116.3651
43.609789 76.103 -116.7817
43.925804 76.129 -117.2040
44.244108 76.155 -117.6328
44.564719 76.179 -118.0688
44.887654 76.203 -118.5128
45.212928 76.226 -118.9651
45.540560 76.248 -119.4262
45.870565 76.270 -119.8962
46.202962 76.292 -120.3751
46.537768 76.313 -120.8628
46.875000 76.335 -121.3588
47.214676 76.357 -121.8627
47.556813 76.379 -122.3737
47.901429 76.401 -122.8910
48.248542 76.425 -123.4137
48.598171 76.448 -123.9407
48.950334 76.473 -124.4708
49.305048 76.498 -125.0028
49.662333 76.524 -125.5353
50.022206 76.550 -126.0670
50.384688 76.577 -126.5968
50.749796 76.605 -127.1233
51.117550 76.633 -127.6454
51.487969 76.662 -128.1620
51.861072 76.691 -128.6723
52.236879 76.721 -129.1754
52.615409 76.751 -129.6706
52.996681 76.780 -130.1575
53.380717 76.810 -130.6358
53.767536 76.839 -131.1053
54.157158 76.868 -131.5661
54.549603 76.897 -132.0184
54.944892 76.925 -132.4626
55.343045 76.952 -132.8991
55.744084 76.979 -133.3285
56.148028 77.005 -133.7517
56.554900 77.030 -134.1693
56.964720 77.054 -134.5824
57.377510 77.078 -134.9917
57.793291 77.101 -135.3983
58.212085 77.122 -135.8030
58.633914 77.143 -136.2068
59.058799 77.164 -136.6105
59.486764 77.183 -137.0150
59.917829 77.202 -137.4208
60.352019 77.221 -137.8286
60.789354 77.239 -138.2390
61.229859 77.256 -138.6521
61.673556 77.274 -139.0684
62.120468 77.291 -139.4878
62.570618 77.308 -139.9104
63.024031 77.325 -140.3360
63.480729 77.342 -140.7644
63.940736 77.360 -141.1951
64.404077 77.377 -141.6278
64.870776 77.394 -142.0619
65.340856 77.412 -142.4968
65.814343 77.430 -142.9321
66.291261 77.448 -143.3670
66.771635 77.466 -143.8011
67.255489 77.484 -144.2339
67.742850 77.503 -144.6649
68.233743 77.521 -145.0937
68.728193 77.539 -145.5201
69.226226 77.557 -145.9439
69.727867 77.575 -146.3650
70.233144 77.593 -146.7835
70.742083 77.611 -147.1994
71.254709 77.628 -147.6130
71.771050 77.645 -148.0245
72.291132 77.661 -148.4343
72.814984 77.677 -148.8429
73.342631 77.693 -149.2505
73.874102 77.708 -149.6576
74.409424 77.722 -150.0646
74.948626 77.736 -150.4720
75.491734 77.750 -150.8799
76.038779 77.763 -151.2886
76.589787 77.776 -151.6985
77.144788 77.789 -152.1094
77.703811 77.801 -152.5216
78.266885 77.813 -152.9350
78.834039 77.824 -153.3494
79.405303 77.836 -153.7647
79.980706 77.847 -154.1807
80.560280 77.858 -154.5970
81.144053 77.869 -155.0135
81.732056 77.879 -155.4297
82.324320 77.889 -155.8454
82.920876 77.899 -156.2604
83.521755 77.908 -156.6743
84.126988 77.918 -157.0869
84.736607 77.926 -157.4981
85.350643 77.935 -157.9076
85.969129 77.943 -158.3155
86.592097 77.950 -158.7217
87.219579 77.957 -159.1261
87.851608 77.963 -159.5288
88.488217 77.969 -159.9298
89.129439 77.975 -160.3292
89.775308 77.980 -160.7271
90.425856 77.984 -161.1235
91.081119 77.988 -161.5185
91.741131 77.992 -161.9121
92.405925 77.995 -162.3043
93.075536 77.997 -162.6951
93.750000 77.999 -163.0844
94.429351 78.001 -163.4722
95.113625 78.003 -163.8584
95.802858 78.004 -164.2428
96.497085 78.004 -164.6252
97.196342 78.005 -165.0056
97.900667 78.005 -165.3839
98.610096 78.005 -165.7597
99.324665 78.004 -166.1330
100.044413 78.003 -166.5037
100.769376 78.002 -166.8718
101.499592 78.001 -167.2386
102.235100 77.999 -167.6041
102.975938 77.997 -167.9682
103.722144 77.994 -168.3309
104.473757 77.992 -168.6920
105.230817 77.989 -169.0515
105.993363 77.986 -169.4094
106.761435 77.983 -169.7657
107.535072 77.980 -170.1203
108.314315 77.976 -170.4733
109.099206 77.973 -170.8244
109.889783 77.969 -171.1738
110.686090 77.966 -171.5213
111.488167 77.963 -171.8669
112.296056 77.959 -172.2106
113.109800 77.956 -172.5524
113.929440 77.953 -172.8922
114.755020 77.950 -173.2300
115.586582 77.947 -173.5659
116.424170 77.945 -173.8998
117.267827 77.943 -174.2320
118.117598 77.941 -174.5624
118.973527 77.940 -174.8913
119.835658 77.939 -175.2186
120.704037 77.938 -175.5446
121.578708 77.938 -175.8694
122.459718 77.938 -176.1931
123.347111 77.939 -176.5160
124.240935 77.940 -176.8381
125.141236 77.941 -177.1598
126.048061 77.943 -177.4810
126.961458 77.945 -177.8021
127.881473 77.948 -178.1232
128.808154 77.950 -178.4445
129.741551 77.953 -178.7662
130.681712 77.957 -179.0885
131.628686 77.961 -179.4116
132.582521 77.964 -179.7358
133.543269 77.968 179.9389
134.510979 77.973 179.6121
135.485701 77.977 179.2838
136.467486 77.982 178.9536
137.456386 77.986 178.6216
138.452451 77.991 178.2875
139.455735 77.996 177.9513
140.466288 78.000 177.6128
141.484165 78.005 177.2720
142.509418 78.010 176.9288
143.542100 78.015 176.5831
144.582265 78.020 176.2349
145.629968 78.025 175.8840
146.685262 78.030 175.5305
147.748204 78.035 175.1743
148.818849 78.040 174.8152
149.897251 78.045 174.4534
150.983469 78.050 174.0886
152.077557 78.054 173.7208
153.179574 78.059 173.3501
154.289576 78.063 172.9764
155.407622 78.067 172.5998
156.533770 78.071 172.2201
157.668078 78.075 171.8375
158.810606 78.078 171.4518
159.961413 78.081 171.0632
161.120559 78.084 170.6717
162.288105 78.087 170.2772
163.464112 78.089 169.8797
164.648640 78.091 169.4794
165.841752 78.092 169.0761
167.043510 78.094 168.6700
168.253976 78.094 168.2611
169.473213 78.095 167.8494
170.701286 78.095 167.4349
171.938258 78.094 167.0178
173.184194 78.093 166.5981
174.439158 78.092 166.1759
175.703216 78.090 165.7511
176.976434 78.088 165.3239
178.258878 78.086 164.8943
179.550615 78.083 164.4624
180.851713 78.080 164.0282
182.162239 78.076 163.5917
183.482262 78.072 163.1530
184.811850 78.068 162.7122
186.151073 78.064 162.2691
187.500000 78.059 161.8238
188.858702 78.053 161.3764
190.227250 78.048 160.9269
191.605715 78.042 160.4753
192.994169 78.035 160.0215
194.392685 78.029 159.5657
195.801334 78.022 159.1077
197.220191 78.015 158.6477
198.649330 78.007 158.1856
200.088825 77.999 157.7214
201.538751 77.990 157.2551
202.999184 77.982 156.7867
204.470200 77.972 156.3162
205.951875 77.963 155.8435
207.444287 77.953 155.3686
208.947514 77.942 154.8913
210.461634 77.932 154.4117
211.986726 77.920 153.9297
213.522869 77.909 153.4453
215.070144 77.896 152.9583
216.628631 77.884 152.4686
218.198411 77.871 151.9763
219.779567 77.857 151.4813
221.372180 77.843 150.9835
222.976334 77.828 150.4829
224.592112 77.813 149.9794
226.219600 77.797 149.4731
227.858880 77.781 148.9641
229.510039 77.764 148.4521
231.173164 77.747 147.9375
232.848340 77.729 147.4202
234.535655 77.710 146.9003
236.235197 77.691 146.3779
237.947054 77.671 145.8530
239.671317 77.651 145.3257
241.408074 77.630 144.7960
243.157416 77.608 144.2639
244.919435 77.586 143.7294
246.694223 77.563 143.1925
248.481871 77.539 142.6531
250.282473 77.515 142.1111
252.096123 77.491 141.5663
253.922915 77.466 141.0187
255.762945 77.440 140.4681
257.616309 77.413 139.9142
259.483103 77.386 139.3570
261.363424 77.359 138.7963
263.257372 77.330 138.2317
265.165043 77.302 137.6631
267.086538 77.272 137.0904
269.021957 77.242 136.5132
270.971401 77.211 135.9312
272.934972 77.179 135.3442
274.912771 77.147 134.7519
276.904902 77.114 134.1540
278.911469 77.081 133.5502
280.932577 77.046 132.9403
282.968330 77.011 132.3240
285.018835 76.975 131.7010
287.084199 76.939 131.0712
289.164530 76.901 130.4343
291.259935 76.862 129.7903
293.370525 76.823 129.1389
295.496408 76.782 128.4801
297.637697 76.740 127.8138
299.794503 76.698 127.1398
301.966937 76.653 126.4583
304.155114 76.608 125.7689
306.359147 76.561 125.0718
308.579152 76.512 124.3668
310.815244 76.462 123.6540
313.067539 76.410 122.9333
315.336156 76.356 122.2049
317.621211 76.300 121.4690
319.922826 76.242 120.7256
322.241118 76.181 119.9752
324.576210 76.119 119.2180
326.928223 76.053 118.4544
329.297280 75.985 117.6850
331.683504 75.915 116.9103
334.087019 75.841 116.1308
336.507952 75.765 115.3473
338.946427 75.685 114.5604
341.402572 75.603 113.7709
343.876516 75.517 112.9795
346.368387 75.427 112.1870
348.878315 75.335 111.3943
351.406431 75.238 110.6022
353.952867 75.138 109.8116
356.517756 75.035 109.0235
359.101230 74.927 108.2389
361.703426 74.816 107.4590
364.324478 74.701 106.6850
366.964523 74.581 105.9183
369.623699 74.458 105.1602
372.302145 74.330 104.4125
375.000000 74.198 103.6769
377.717405 74.061 102.9554
380.454501 73.919 102.2500
383.211431 73.773 101.5629
385.988339 73.623 100.8967
388.785369 73.467 100.2540
391.602668 73.307 99.6375
394.440383 73.142 99.0502
397.298660 72.972 98.4953
400.177650 72.798 97.9759
403.077502 72.619 97.4953
405.998368 72.436 97.0565
408.940400 72.250 96.6625
411.903750 72.060 96.3161
414.888575 71.868 96.0192
417.895028 71.673 95.7735
420.923268 71.477 95.5795
423.973452 71.281 95.4370
427.045738 71.085 95.3442
430.140287 70.891 95.2982
433.257261 70.700 95.2944
436.396822 70.512 95.3269
439.559133 70.330 95.3880
442.744360 70.153 95.4690
445.952668 69.984 95.5599
449.184225 69.822 95.6504
452.439199 69.667 95.7296
455.717760 69.521 95.7875
459.020079 69.382 95.8146
462.346327 69.249 95.8032
465.696680 69.122 95.7473
469.071310 68.999 95.6430
472.470394 68.879 95.4891
475.894109 68.760 95.2864
479.342634 68.640 95.0381
482.816148 68.517 94.7493
486.314833 68.390 94.4267
489.838871 68.258 94.0783
493.388445 68.120 93.7131
496.963741 67.973 93.3405
500.564945 67.818 92.9701
504.192245 67.655 92.6115
507.845830 67.482 92.2741
511.525890 67.299 91.9665
515.232618 67.108 91.6968
518.966206 66.907 91.4724
522.726849 66.698 91.2998
526.514743 66.480 91.1849
530.330086 66.255 91.1324
534.173076 66.022 91.1469
538.043915 65.784 91.2316
541.942803 65.539 91.3898
545.869944 65.289 91.6238
549.825542 65.035 91.9357
553.809805 64.778 92.3271
557.822939 64.517 92.7995
561.865154 64.254 93.3537
565.936660 63.991 93.9903
570.037671 63.726 94.7098
574.168399 63.462 95.5119
578.329060 63.199 96.3962
582.519870 62.938 97.3618
586.741049 62.679 98.4073
590.992817 62.425 99.5309
595.275394 62.175 100.7305
599.589005 61.931 102.0035
603.933874 61.693 103.3473
608.310228 61.463 104.7585
612.718295 61.241 106.2339
617.158304 61.029 107.7696
621.630488 60.827 109.3611
626.135079 60.637 111.0036
630.672311 60.459 112.6912
635.242423 60.294 114.4173
639.845651 60.143 116.1742
644.482237 60.006 117.9536
649.152421 59.884 119.7462
653.856447 59.778 121.5429
658.594560 59.686 123.3340
663.367008 59.610 125.1103
668.174039 59.548 126.8631
673.015903 59.500 128.5845
677.892854 59.466 130.2675
682.805145 59.444 131.9061
687.753032 59.434 133.4954
692.736774 59.435 135.0317
697.756631 59.445 136.5123
702.812863 59.464 137.9356
707.905735 59.491 139.3007
713.035511 59.524 140.6076
718.202461 59.563 141.8568
723.406852 59.607 143.0491
728.648956 59.655 144.1860
733.929047 59.707 145.2689
739.247399 59.762 146.2996
744.604290 59.819 147.2800
750.000000 59.877 148.2120
755.434809 59.938 149.0978
760.909001 59.999 149.9397
766.422861 60.060 150.7398
771.976677 60.122 151.5006
777.570739 60.184 152.2242
783.205337 60.245 152.9131
788.880766 60.305 153.5695
794.597321 60.365 154.1955
800.355301 60.423 154.7934
806.155005 60.480 155.3654
811.996736 60.535 155.9133
817.880799 60.590 156.4393
823.807501 60.642 156.9451
829.777150 60.694 157.4326
835.790057 60.744 157.9032
841.846536 60.793 158.3582
847.946903 60.840 158.7986
854.091476 60.887 159.2252
860.280575 60.932 159.6384
866.514523 60.976 160.0385
872.793644 61.018 160.4255
879.118267 61.060 160.7998
885.488720 61.100 161.1616
891.905336 61.139 161.5112
898.368450 61.176 161.8495
904.878398 61.211 162.1772
911.435520 61.245 162.4958
918.040157 61.277 162.8068
924.692655 61.307 163.1119
931.393359 61.335 163.4130
938.142619 61.362 163.7121
944.940787 61.387 164.0112
951.788218 61.411 164.3118
958.685268 61.434 164.6156
965.632296 61.456 164.9235
972.629666 61.477 165.2360
979.677741 61.499 165.5534
986.776890 61.520 165.8754
993.927482 61.542 166.2012
1001.129891 61.565 166.5301
1008.384491 61.588 166.8608
1015.691660 61.611 167.1923
1023.051781 61.636 167.5231
1030.465236 61.661 167.8523
1037.932411 61.688 168.1787
1045.453698 61.715 168.5013
1053.029486 61.743 168.8193
1060.660172 61.771 169.1320
1068.346153 61.801 169.4387
1076.087829 61.831 169.7391
1083.885605 61.861 170.0327
1091.739887 61.892 170.3192
1099.651084 61.924 170.5984
1107.619609 61.956 170.8700
1115.645878 61.988 171.1337
1123.730308 62.020 171.3892
1131.873321 62.053 171.6362
1140.075341 62.086 171.8744
1148.336797 62.118 172.1035
1156.658119 62.151 172.3233
1165.039741 62.183 172.5339
1173.482099 62.215 172.7353
1181.985634 62.247 172.9277
1190.550789 62.278 173.1115
1199.178011 62.310 173.2872
1207.867749 62.341 173.4551
1216.620457 62.372 173.6157
1225.436590 62.403 173.7694
1234.316609 62.434 173.9166
1243.260976 62.464 174.0574
1252.270157 62.494 174.1921
1261.344623 62.523 174.3207
1270.484846 62.552 174.4434
1279.691303 62.581 174.5602
1288.964474 62.609 174.6713
1298.304842 62.636 174.7768
1307.712894 62.663 174.8770
1317.189120 62.689 174.9722
1326.734016 62.715 175.0629
1336.348077 62.740 175.1495
1346.031806 62.763 175.2326
1355.785708 62.787 175.3128
1365.610290 62.809 175.3906
1375.506065 62.830 175.4665
1385.473549 62.851 175.5409
1395.513261 62.871 175.6144
1405.625726 62.890 175.6871
1415.811469 62.908 175.7594
1426.071023 62.926 175.8315
1436.404921 62.943 175.9035
1446.813703 62.960 175.9756
1457.297912 62.976 176.0479
1467.858093 62.992 176.1207
1478.494798 63.007 176.1939
1489.208581 63.023 176.2679
1500.000000 63.038 176.3427
1510.869618 63.054 176.4183
1521.818002 63.070 176.4947
1532.845723 63.087 176.5714
1543.953355 63.104 176.6481
1555.141477 63.122 176.7241
1566.410674 63.141 176.7986
1577.761531 63.161 176.8705
1589.194642 63.181 176.9389
1600.710601 63.203 177.0026
1612.310010 63.225 177.0604
1623.993473 63.248 177.1112
1635.761599 63.272 177.1540
1647.615002 63.296 177.1878
1659.554299 63.321 177.2119
1671.580114 63.345 177.2254
1683.693072 63.370 177.2280
1695.893807 63.394 177.2191
1708.182952 63.418 177.1988
1720.561150 63.441 177.1669
1733.029045 63.464 177.1237
1745.587288 63.485 177.0695
1758.236533 63.506 177.0051
1770.977440 63.525 176.9312
1783.810673 63.543 176.8486
1796.736900 63.560 176.7583
1809.756796 63.575 176.6613
1822.871040 63.589 176.5585
1836.080315 63.601 176.4510
1849.385310 63.612 176.3394
1862.786718 63.622 176.2245
1876.285239 63.631 176.1069
1889.881575 63.638 175.9869
1903.576436 63.644 175.8651
1917.370535 63.649 175.7414
1931.264593 63.653 175.6160
1945.259332 63.656 175.4888
1959.355483 63.658 175.3596
1973.553781 63.658 175.2282
1987.854965 63.659 175.0942
2002.259781 63.658 174.9570
2016.768981 63.656 174.8161
2031.383320 63.654 174.6709
2046.103561 63.650 174.5206
2060.930471 63.646 174.3646
2075.864823 63.640 174.2025
2090.907395 63.634 174.0336
2106.058972 63.626 173.8578
2121.320344 63.616 173.6751
2136.692305 63.605 173.4856
2152.175658 63.591 173.2897
2167.771210 63.576 173.0880
2183.479774 63.558 172.8813
2199.302169 63.538 172.6706
2215.239219 63.514 172.4570
2231.291755 63.488 172.2419
2247.460615 63.459 172.0269
2263.746641 63.426 171.8137
2280.150683 63.390 171.6044
2296.673595 63.351 171.4013
2313.316238 63.308 171.2068
2330.079481 63.262 171.0237
2346.964198 63.212 170.8546
2363.971268 63.159 170.7025
2381.101578 63.104 170.5699
2398.356022 63.045 170.4594
2415.735498 62.985 170.3730
2433.240913 62.922 170.3124
2450.873180 62.858 170.2786
2468.633217 62.793 170.2719
2486.521951 62.728 170.2920
2504.540314 62.663 170.3375
2522.689246 62.598 170.4063
2540.969692 62.535 170.4959
2559.382606 62.473 170.6028
2577.928947 62.413 170.7231
2596.609683 62.355 170.8529
2615.425787 62.299 170.9879
2634.378241 62.245 171.1243
2653.468031 62.192 171.2584
2672.696154 62.140 171.3875
2692.063613 62.088 171.5095
2711.571415 62.036 171.6238
2731.220579 61.983 171.7308
2751.012130 61.929 171.8325
2770.947098 61.872 171.9323
2791.026522 61.812 172.0351
2811.251451 61.748 172.1476
2831.622938 61.680 172.2776
2852.142045 61.608 172.4339
2872.809842 61.531 172.6260
2893.627406 61.450 172.8635
2914.595823 61.366 173.1555
2935.716186 61.279 173.5098
2956.989596 61.191 173.9321
2978.417161 61.104 174.4252
3000.000000 61.020 174.9886
3021.739237 60.940 175.6180
3043.636005 60.866 176.3055
3065.691446 60.801 177.0400
3087.906710 60.745 177.8078
3110.282955 60.698 178.5942
3132.821347 60.662 179.3848
3155.523062 60.636 -179.8333
3178.389283 60.619 -179.0706
3201.421202 60.610 -178.3340
3224.620020 60.607 -177.6269
3247.986946 60.610 -176.9493
3271.523198 60.617 -176.2983
3295.230004 60.628 -175.6690
3319.108599 60.643 -175.0558
3343.160228 60.660 -174.4527
3367.386145 60.681 -173.8550
3391.787613 60.707 -173.2598
3416.365904 60.737 -172.6667
3441.122300 60.773 -172.0782
3466.058091 60.815 -171.4994
3491.174576 60.864 -170.9381
3516.473066 60.919 -170.4038
3541.954880 60.980 -169.9070
3567.621345 61.046 -169.4581
3593.473800 61.115 -169.0662
3619.513592 61.187 -168.7385
3645.742080 61.259 -168.4793
3672.160630 61.329 -168.2896
3698.770620 61.396 -168.1671
3725.573436 61.457 -168.1064
3752.570477 61.512 -168.0989
3779.763150 61.558 -168.1335
3807.152872 61.596 -168.1975
3834.741071 61.626 -168.2763
3862.529185 61.646 -168.3549
3890.518664 61.658 -168.4178
3918.710966 61.663 -168.4500
3947.107561 61.662 -168.4373
3975.709929 61.657 -168.3668
4004.519563 61.650 -168.2278
4033.537962 61.646 -168.0121
4062.766641 61.645 -167.7150
4092.207123 61.653 -167.3358
4121.860942 61.672 -166.8781
4151.729646 61.705 -166.3511
4181.814790 61.756 -165.7687
4212.117944 61.826 -165.1503
4242.640687 61.918 -164.5196
4273.384610 62.030 -163.9034
4304.351317 62.163 -163.3308
4335.542421 62.314 -162.8305
4366.959549 62.481 -162.4298
4398.604338 62.659 -162.1522
4430.478438 62.846 -162.0168
4462.583511 63.038 -162.0370
4494.921231 63.230 -162.2204
4527.493283 63.419 -162.5691
4560.301365 63.603 -163.0803
4593.347189 63.778 -163.7470
4626.632476 63.943 -164.5591
4660.158962 64.096 -165.5043
4693.928395 64.236 -166.5688
4727.942535 64.362 -167.7382
4762.203156 64.472 -168.9978
4796.712043 64.567 -170.3331
4831.470996 64.646 -171.7297
4866.481826 64.708 -173.1739
4901.746360 64.753 -174.6523
4937.266434 64.781 -176.1518
4973.043902 64.790 -177.6594
5009.080628 64.780 -179.1621
5045.378492 64.750 179.3530
5081.939384 64.698 177.8992
5118.765212 64.623 176.4904
5155.857894 64.523 175.1404
5193.219366 64.397 173.8636
5230.851574 64.243 172.6748
5268.756481 64.060 171.5882
5306.936062 63.845 170.6172
5345.392309 63.597 169.7740
5384.127225 63.317 169.0681
5423.142830 63.001 168.5059
5462.441159 62.652 168.0896
5502.024259 62.268 167.8173
5541.894195 61.850 167.6826
5582.053045 61.400 167.6752
5622.502902 60.917 167.7816
5663.245876 60.403 167.9860
5704.284090 59.859 168.2723
5745.619684 59.287 168.6242
5787.254813 58.688 169.0269
5829.191647 58.063 169.4670
5871.432373 57.414 169.9332
5913.979192 56.742 170.4163
5956.834323 56.049 170.9084
6000.000000 55.335 171.4038
6043.478473 54.602 171.8975
6087.272010 53.851 172.3860
6131.382892 53.084 172.8665
6175.813420 52.301 173.3369
6220.565910 51.504 173.7957
6265.642695 50.694 174.2418
6311.046124 49.872 174.6744
6356.778566 49.039 175.0929
6402.842404 48.198 175.4967
6449.240040 47.348 175.8853
6495.973891 46.493 176.2580
6543.046396 45.633 176.6142
6590.460007 44.771 176.9530
6638.217197 43.910 177.2734
6686.320456 43.053 177.5743
6734.772290 42.202 177.8545
6783.575226 41.362 178.1126
6832.731809 40.538 178.3473
6882.244600 39.735 178.5571
6932.116181 38.957 178.7405
6982.349153 38.212 178.8961
7032.946133 37.504 179.0218
7083.909760 36.840 179.1158
7135.242690 36.222 179.1754
7186.947600 35.655 179.1974
7239.027185 35.138 179.1777
7291.484160 34.672 179.1107
7344.321260 34.253 178.9893
7397.541239 33.878 178.8045
7451.146872 33.541 178.5453
7505.140954 33.239 178.1994
7559.526299 32.966 177.7542
7614.305743 32.717 177.2008
7669.482141 32.487 176.5396
7725.058371 32.273 175.7929
7781.037328 32.073 175.0251
7837.421932 31.882 174.3807
7894.215122 31.700 174.1514
7951.419859 31.524 174.8998
8009.039125 31.354 177.6720
8067.075924 31.190 -175.7912
8125.533282 31.030 -163.7843
8184.414245 30.874 -148.4743
8243.721885 30.723 -137.2477
8303.459292 30.577 -134.0675
8363.629581 30.437 -137.8925
8424.235888 30.301 -146.8838
8485.281374 30.172 -159.4626
8546.769221 30.048 -173.9247
8608.702634 29.930 171.5685
8671.084842 29.818 158.4263
8733.919097 29.712 147.2643
8797.208675 29.610 138.0832
8860.956876 29.514 130.6176
8925.167022 29.422 124.5567
8989.842461 29.333 119.6319
9054.986566 29.247 115.6352
9120.602731 29.163 112.4158
9186.694378 29.081 109.8698
9253.264952 29.000 107.9300
9320.317925 28.921 106.5542
9387.856790 28.844 105.7132
9455.885071 28.767 105.3757
9524.406312 28.692 105.4934
9593.424086 28.618 105.9891
9662.941992 28.544 106.7554
9732.963653 28.471 107.6649
9803.492719 28.398 108.5934
9874.532869 28.325 109.4436
9946.087805 28.253 110.1631
10018.161257 28.181 110.7518
10090.756983 28.110 111.2612
10163.878768 28.040 111.7942
10237.530423 27.970 112.5085
10311.715789 27.902 113.6356
10386.438732 27.834 115.5203
10461.703149 27.767 118.7021
10537.512962 27.700 124.0565
10613.872125 27.633 132.9747
10690.784618 27.567 147.1798
10768.254450 27.500 166.7396
10846.285661 27.433 -172.9848
10924.882318 27.365 -157.3897
11004.048518 27.298 -147.1882
11083.788390 27.231 -140.7577
11164.106090 27.163 -136.6294
11245.005805 27.095 -133.8768
11326.491752 27.026 -131.9498
11408.568180 26.957 -130.5183
11491.239368 26.887 -129.3777
11574.509626 26.817 -128.3966
11658.383294 26.746 -127.4869
11742.864745 26.676 -126.5857
11827.958384 26.605 -125.6431
11913.668646 26.536 -124.6130
12000.000000 26.467 -123.4467
12086.956947 26.401 -122.0874
12174.544019 26.337 -120.4652
12262.765784 26.277 -118.4954
12351.626840 26.220 -116.0783
12441.131819 26.166 -113.1058
12531.285389 26.117 -109.4752
12622.092249 26.072 -105.1144
12713.557132 26.030 -100.0154
12805.684808 25.992 -94.2661
12898.480079 25.957 -88.0587
12991.947783 25.924 -81.6585
13086.092792 25.891 -75.3394
13180.920015 25.859 -69.3209
13276.434395 25.825 -63.7411
13372.640911 25.790 -58.6675
13469.544580 25.751 -54.1277
13567.150452 25.708 -50.1375
13665.463617 25.661 -46.7139
13764.489200 25.608 -43.8763
13864.232362 25.549 -41.6394
13964.698305 25.483 -40.0069
14065.892266 25.410 -38.9690
14167.819519 25.328 -38.5041
14270.485380 25.237 -38.5826
14373.895200 25.136 -39.1715
14478.054370 25.025 -40.2371
14582.968320 24.901 -41.7456
14688.642520 24.765 -43.6611
14795.082478 24.616 -45.9416
14902.293745 24.451 -48.5342
15010.281908 24.271 -51.3714
15119.052599 24.075 -54.3692
15228.611486 23.861 -57.4297
15338.964283 23.630 -60.4469
15450.116741 23.380 -63.3162
15562.074656 23.112 -65.9439
15674.843864 22.825 -68.2543
15788.430244 22.519 -70.1934
15902.839718 22.193 -71.7278
16018.078250 21.849 -72.8416
16134.151848 21.485 -73.5313
16251.066563 21.101 -73.8020
16368.828491 20.698 -73.6634
16487.443769 20.275 -73.1291
16606.918584 19.833 -72.2167
16727.259161 19.372 -70.9485
16848.471777 18.891 -69.3551
16970.562748 18.392 -67.4772
17093.538442 17.875 -65.3695
17217.405268 17.341 -63.1008
17342.169684 16.791 -60.7534
17467.838194 16.226 -58.4171
17594.417350 15.649 -56.1810
17721.913751 15.065 -54.1230
17850.334044 14.477 -52.3012
17979.684923 13.895 -50.7490
18109.973131 13.326 -49.4751
18241.205462 12.786 -48.4672
18373.388756 12.288 -47.6984
18506.529905 11.847 -47.1335
18640.635849 11.479 -46.7346
18775.713581 11.190 -46.4654
18911.770141 10.980 -46.2929
19048.812624 10.842 -46.1894
19186.848172 10.759 -46.1320
19325.883983 10.715 -46.1034
19465.927305 10.696 -46.0910
19606.985439 10.689 -46.0866
19749.065738 10.687 -46.0854
19892.175609 10.686 -46.0852
20036.322514 10.686 -46.0852
