* Measurement data measured by REW V5.31.3
* Source: Microphone (Realtek High Definition Audio), no input selected, R, volume: no control
* Format: 64k Log Swept Sine, 4 sweeps at 12.0- dBFS with no timing reference
* Dated: 26/03/2025 09:57:18 „
* REW Settings:
*  C-weighting compensation: Off
*  Target level: 75.0 dB
* Note: 
* Measurement: LO
* Smoothing: Psychoacoustic
* Frequency Step: 96 ppo
* Start Frequency: 0.36621094 Hz
*
* Freq(Hz) SPL(dB) Phase(degrees)
0.366211 33.657 -85.5005
0.368865 33.673 -85.6261
0.371538 33.690 -85.7595
0.374230 33.707 -85.9008
0.376942 33.726 -86.0502
0.379673 33.745 -86.2077
0.382424 33.765 -86.3734
0.385196 33.786 -86.5472
0.387987 33.808 -86.7292
0.390798 33.830 -86.9193
0.393630 33.854 -87.1174
0.396483 33.877 -87.3235
0.399356 33.902 -87.5374
0.402250 33.927 -87.7592
0.405165 33.953 -87.9885
0.408101 33.980 -88.2254
0.411058 34.007 -88.4697
0.414037 34.034 -88.7213
0.417037 34.063 -88.9799
0.420059 34.091 -89.2455
0.423103 34.120 -89.5178
0.426169 34.150 -89.7968
0.429257 34.180 -90.0823
0.432368 34.210 -90.3741
0.435501 34.241 -90.6721
0.438656 34.272 -90.9761
0.441835 34.304 -91.2859
0.445037 34.336 -91.6015
0.448262 34.368 -91.9227
0.451510 34.401 -92.2493
0.454782 34.434 -92.5811
0.458077 34.467 -92.9182
0.461397 34.500 -93.2602
0.464740 34.534 -93.6070
0.468108 34.568 -93.9586
0.471500 34.603 -94.3148
0.474917 34.638 -94.6753
0.478358 34.673 -95.0402
0.481825 34.708 -95.4093
0.485316 34.744 -95.7824
0.488833 34.779 -96.1594
0.492375 34.816 -96.5401
0.495943 34.852 -96.9245
0.499537 34.889 -97.3124
0.503157 34.926 -97.7037
0.506803 34.963 -98.0982
0.510475 35.001 -98.4958
0.514175 35.039 -98.8963
0.517900 35.077 -99.2998
0.521653 35.115 -99.7059
0.525434 35.154 -100.1147
0.529241 35.193 -100.5259
0.533076 35.232 -100.9395
0.536939 35.271 -101.3554
0.540830 35.311 -101.7734
0.544749 35.351 -102.1934
0.548696 35.391 -102.6154
0.552673 35.432 -103.0391
0.556677 35.473 -103.4646
0.560711 35.514 -103.8917
0.564774 35.555 -104.3204
0.568867 35.596 -104.7505
0.572989 35.638 -105.1820
0.577141 35.680 -105.6147
0.581324 35.722 -106.0488
0.585536 35.765 -106.4840
0.589779 35.807 -106.9203
0.594053 35.850 -107.3578
0.598358 35.893 -107.7963
0.602694 35.936 -108.2359
0.607061 35.979 -108.6764
0.611460 36.023 -109.1180
0.615891 36.066 -109.5607
0.620354 36.110 -110.0043
0.624849 36.153 -110.4490
0.629377 36.197 -110.8948
0.633938 36.241 -111.3418
0.638532 36.285 -111.7900
0.643159 36.328 -112.2394
0.647819 36.372 -112.6902
0.652514 36.415 -113.1424
0.657242 36.459 -113.5962
0.662005 36.502 -114.0516
0.666802 36.545 -114.5088
0.671634 36.588 -114.9679
0.676501 36.631 -115.4291
0.681403 36.673 -115.8925
0.686341 36.715 -116.3582
0.691314 36.757 -116.8265
0.696324 36.798 -117.2974
0.701370 36.839 -117.7712
0.706452 36.880 -118.2480
0.711571 36.920 -118.7280
0.716728 36.959 -119.2113
0.721921 36.998 -119.6981
0.727153 37.037 -120.1887
0.732422 37.075 -120.6830
0.737729 37.112 -121.1813
0.743075 37.149 -121.6838
0.748460 37.185 -122.1904
0.753883 37.221 -122.7013
0.759346 37.256 -123.2167
0.764849 37.291 -123.7365
0.770391 37.325 -124.2610
0.775974 37.358 -124.7899
0.781597 37.390 -125.3236
0.787261 37.422 -125.8618
0.792966 37.454 -126.4047
0.798712 37.485 -126.9521
0.804500 37.515 -127.5042
0.810329 37.545 -128.0607
0.816201 37.574 -128.6217
0.822116 37.602 -129.1870
0.828073 37.630 -129.7566
0.834074 37.658 -130.3305
0.840118 37.685 -130.9084
0.846206 37.711 -131.4902
0.852338 37.737 -132.0759
0.858514 37.762 -132.6654
0.864735 37.787 -133.2585
0.871001 37.812 -133.8550
0.877313 37.835 -134.4550
0.883670 37.859 -135.0582
0.890074 37.882 -135.6646
0.896524 37.904 -136.2741
0.903020 37.926 -136.8866
0.909564 37.947 -137.5019
0.916155 37.968 -138.1202
0.922794 37.989 -138.7413
0.929481 38.009 -139.3652
0.936216 38.028 -139.9918
0.943000 38.047 -140.6213
0.949834 38.066 -141.2536
0.956717 38.084 -141.8888
0.963649 38.102 -142.5270
0.970632 38.119 -143.1683
0.977666 38.136 -143.8128
0.984750 38.152 -144.4607
0.991886 38.168 -145.1121
0.999074 38.183 -145.7674
1.006314 38.198 -146.4267
1.013606 38.212 -147.0902
1.020951 38.226 -147.7584
1.028349 38.239 -148.4315
1.035801 38.252 -149.1098
1.043307 38.264 -149.7938
1.050867 38.276 -150.4838
1.058482 38.287 -151.1802
1.066152 38.298 -151.8835
1.073878 38.308 -152.5940
1.081660 38.318 -153.3123
1.089498 38.327 -154.0387
1.097393 38.335 -154.7738
1.105345 38.343 -155.5179
1.113355 38.350 -156.2715
1.121423 38.357 -157.0351
1.129549 38.363 -157.8090
1.137734 38.368 -158.5937
1.145979 38.373 -159.3895
1.154283 38.378 -160.1968
1.162647 38.382 -161.0160
1.171072 38.385 -161.8473
1.179558 38.387 -162.6911
1.188106 38.389 -163.5475
1.196715 38.391 -164.4169
1.205387 38.392 -165.2993
1.214122 38.393 -166.1950
1.222920 38.393 -167.1040
1.231782 38.392 -168.0265
1.240708 38.392 -168.9626
1.249699 38.390 -169.9123
1.258754 38.389 -170.8756
1.267876 38.387 -171.8526
1.277063 38.385 -172.8432
1.286318 38.382 -173.8474
1.295639 38.379 -174.8653
1.305027 38.376 -175.8968
1.314484 38.373 -176.9420
1.324009 38.370 -178.0007
1.333604 38.367 -179.0731
1.343268 38.363 179.8409
1.353002 38.360 178.7411
1.362806 38.357 177.6276
1.372681 38.353 176.5001
1.382628 38.350 175.3586
1.392647 38.347 174.2029
1.402739 38.344 173.0328
1.412904 38.341 171.8480
1.423142 38.339 170.6483
1.433455 38.336 169.4333
1.443843 38.335 168.2029
1.454305 38.333 166.9566
1.464844 38.332 165.6940
1.475459 38.331 164.4148
1.486150 38.331 163.1185
1.496920 38.331 161.8049
1.507767 38.332 160.4734
1.518693 38.334 159.1237
1.529698 38.336 157.7554
1.540783 38.339 156.3682
1.551948 38.342 154.9617
1.563194 38.347 153.5356
1.574521 38.352 152.0897
1.585931 38.358 150.6235
1.597423 38.366 149.1371
1.608999 38.374 147.6301
1.620658 38.384 146.1025
1.632402 38.395 144.5541
1.644232 38.408 142.9849
1.656146 38.422 141.3948
1.668147 38.437 139.7840
1.680235 38.455 138.1524
1.692411 38.474 136.5002
1.704675 38.495 134.8275
1.717028 38.519 133.1346
1.729470 38.544 131.4217
1.742003 38.572 129.6891
1.754626 38.603 127.9373
1.767341 38.636 126.1668
1.780147 38.672 124.3779
1.793047 38.711 122.5714
1.806040 38.752 120.7480
1.819128 38.797 118.9085
1.832310 38.844 117.0537
1.845587 38.895 115.1846
1.858961 38.949 113.3024
1.872432 39.006 111.4082
1.886001 39.066 109.5034
1.899667 39.130 107.5892
1.913433 39.196 105.6673
1.927299 39.266 103.7391
1.941265 39.339 101.8062
1.955332 39.415 99.8704
1.969501 39.494 97.9333
1.983773 39.576 95.9965
1.998148 39.661 94.0619
2.012627 39.749 92.1311
2.027212 39.839 90.2057
2.041902 39.932 88.2873
2.056698 40.027 86.3774
2.071602 40.125 84.4775
2.086614 40.225 82.5889
2.101734 40.327 80.7130
2.116964 40.431 78.8506
2.132304 40.537 77.0031
2.147756 40.645 75.1713
2.163320 40.754 73.3560
2.178996 40.865 71.5580
2.194786 40.977 69.7780
2.210690 41.091 68.0164
2.226710 41.206 66.2737
2.242845 41.322 64.5504
2.259098 41.439 62.8467
2.275468 41.556 61.1630
2.291957 41.675 59.4993
2.308566 41.793 57.8560
2.325295 41.913 56.2329
2.342145 42.032 54.6302
2.359117 42.152 53.0479
2.376212 42.273 51.4859
2.393431 42.393 49.9442
2.410775 42.513 48.4225
2.428244 42.633 46.9207
2.445840 42.752 45.4387
2.463564 42.872 43.9762
2.481416 42.991 42.5330
2.499397 43.109 41.1087
2.517509 43.227 39.7031
2.535752 43.345 38.3159
2.554127 43.461 36.9467
2.572635 43.577 35.5954
2.591277 43.693 34.2614
2.610055 43.807 32.9445
2.628968 43.920 31.6443
2.648019 44.033 30.3606
2.667208 44.144 29.0929
2.686535 44.255 27.8411
2.706003 44.364 26.6046
2.725612 44.472 25.3834
2.745363 44.580 24.1770
2.765257 44.686 22.9852
2.785295 44.790 21.8077
2.805478 44.894 20.6442
2.825808 44.996 19.4945
2.846285 45.097 18.3582
2.866910 45.196 17.2351
2.887685 45.295 16.1250
2.908611 45.391 15.0276
2.929688 45.487 13.9427
2.950917 45.581 12.8700
2.972301 45.673 11.8092
2.993839 45.764 10.7602
3.015534 45.854 9.7227
3.037386 45.942 8.6965
3.059396 46.029 7.6813
3.081565 46.114 6.6771
3.103896 46.197 5.6835
3.126388 46.279 4.7004
3.149043 46.359 3.7277
3.171862 46.438 2.7650
3.194847 46.514 1.8124
3.217998 46.590 0.8695
3.241317 46.663 -0.0637
3.264805 46.735 -0.9874
3.288463 46.805 -1.9019
3.312293 46.874 -2.8069
3.336295 46.941 -3.7029
3.360471 47.005 -4.5900
3.384822 47.068 -5.4680
3.409350 47.130 -6.3373
3.434056 47.189 -7.1979
3.458940 47.247 -8.0497
3.484005 47.302 -8.8931
3.509252 47.356 -9.7278
3.534681 47.408 -10.5540
3.560295 47.458 -11.3718
3.586094 47.505 -12.1810
3.612081 47.551 -12.9818
3.638255 47.595 -13.7740
3.664620 47.636 -14.5577
3.691175 47.676 -15.3329
3.717923 47.713 -16.0994
3.744864 47.748 -16.8571
3.772001 47.781 -17.6060
3.799335 47.811 -18.3459
3.826866 47.840 -19.0767
3.854597 47.866 -19.7981
3.882529 47.889 -20.5101
3.910664 47.910 -21.2122
3.939002 47.929 -21.9044
3.967546 47.945 -22.5862
3.996296 47.958 -23.2573
4.025255 47.969 -23.9175
4.054423 47.977 -24.5662
4.083804 47.983 -25.2029
4.113396 47.986 -25.8273
4.143204 47.986 -26.4386
4.173227 47.983 -27.0364
4.203468 47.977 -27.6200
4.233928 47.969 -28.1885
4.264609 47.957 -28.7413
4.295512 47.943 -29.2776
4.326639 47.926 -29.7963
4.357992 47.905 -30.2964
4.389572 47.882 -30.7770
4.421380 47.855 -31.2368
4.453419 47.826 -31.6747
4.485691 47.793 -32.0892
4.518196 47.757 -32.4791
4.550936 47.719 -32.8428
4.583914 47.677 -33.1787
4.617131 47.633 -33.4851
4.650589 47.585 -33.7603
4.684289 47.535 -34.0024
4.718233 47.482 -34.2095
4.752424 47.427 -34.3794
4.786862 47.370 -34.5101
4.821549 47.310 -34.5995
4.856488 47.248 -34.6451
4.891680 47.184 -34.6450
4.927127 47.119 -34.5966
4.962831 47.053 -34.4978
4.998794 46.987 -34.3463
5.035017 46.920 -34.1399
5.071503 46.853 -33.8768
5.108253 46.787 -33.5549
5.145270 46.723 -33.1729
5.182555 46.660 -32.7293
5.220110 46.600 -32.2233
5.257937 46.544 -31.6545
5.296038 46.492 -31.0228
5.334415 46.444 -30.3292
5.373071 46.402 -29.5748
5.412006 46.367 -28.7619
5.451224 46.338 -27.8934
5.490725 46.318 -26.9729
5.530514 46.305 -26.0051
5.570590 46.302 -24.9954
5.610957 46.308 -23.9497
5.651616 46.323 -22.8749
5.692570 46.348 -21.7781
5.733821 46.382 -20.6670
5.775370 46.426 -19.5494
5.817221 46.479 -18.4331
5.859375 46.540 -17.3259
5.901834 46.609 -16.2350
5.944602 46.686 -15.1674
5.987679 46.769 -14.1289
6.031068 46.858 -13.1251
6.074771 46.952 -12.1605
6.118792 47.051 -11.2388
6.163131 47.153 -10.3627
6.207792 47.257 -9.5339
6.252776 47.364 -8.7534
6.298086 47.472 -8.0215
6.343725 47.581 -7.3374
6.389694 47.691 -6.7000
6.435996 47.800 -6.1074
6.482634 47.908 -5.5573
6.529610 48.016 -5.0468
6.576926 48.122 -4.5729
6.624585 48.227 -4.1323
6.672590 48.331 -3.7213
6.720942 48.433 -3.3362
6.769645 48.533 -2.9733
6.818700 48.632 -2.6286
6.868111 48.730 -2.2985
6.917881 48.826 -1.9792
6.968010 48.922 -1.6671
7.018504 49.017 -1.3588
7.069362 49.112 -1.0510
7.120590 49.206 -0.7410
7.172189 49.301 -0.4257
7.224161 49.397 -0.1031
7.276511 49.494 0.2288
7.329239 49.593 0.5715
7.382350 49.694 0.9263
7.435845 49.797 1.2935
7.489729 49.902 1.6735
7.544002 50.011 2.0656
7.598669 50.123 2.4690
7.653732 50.238 2.8822
7.709194 50.357 3.3033
7.765058 50.480 3.7297
7.821327 50.607 4.1588
7.878004 50.736 4.5872
7.935091 50.870 5.0114
7.992592 51.006 5.4276
8.050510 51.146 5.8322
8.108847 51.288 6.2211
8.167607 51.433 6.5906
8.226793 51.579 6.9370
8.286408 51.727 7.2568
8.346454 51.876 7.5469
8.406936 52.026 7.8044
8.467856 52.176 8.0271
8.529218 52.326 8.2129
8.591024 52.475 8.3604
8.653278 52.623 8.4686
8.715983 52.770 8.5368
8.779143 52.915 8.5651
8.842760 53.058 8.5535
8.906839 53.200 8.5029
8.971381 53.339 8.4142
9.036392 53.475 8.2888
9.101873 53.609 8.1282
9.167829 53.740 7.9341
9.234263 53.868 7.7086
9.301178 53.994 7.4537
9.368578 54.117 7.1716
9.436467 54.237 6.8645
9.504847 54.355 6.5345
9.573723 54.470 6.1841
9.643099 54.582 5.8152
9.712976 54.692 5.4299
9.783361 54.801 5.0303
9.854255 54.907 4.6182
9.925663 55.012 4.1952
9.997588 55.115 3.7631
10.070035 55.216 3.3231
10.143007 55.317 2.8766
10.216507 55.416 2.4246
10.290540 55.515 1.9679
10.365109 55.614 1.5073
10.440219 55.712 1.0435
10.515873 55.809 0.5765
10.592076 55.907 0.1071
10.668830 56.005 -0.3651
10.746141 56.102 -0.8397
10.824012 56.200 -1.3171
10.902447 56.298 -1.7972
10.981451 56.397 -2.2805
11.061027 56.495 -2.7670
11.141180 56.594 -3.2571
11.221913 56.694 -3.7512
11.303232 56.793 -4.2496
11.385140 56.893 -4.7524
11.467641 56.993 -5.2601
11.550741 57.093 -5.7727
11.634442 57.193 -6.2905
11.718750 57.293 -6.8135
11.803669 57.394 -7.3419
11.889203 57.494 -7.8757
11.975357 57.594 -8.4149
12.062136 57.694 -8.9594
12.149543 57.794 -9.5091
12.237583 57.893 -10.0640
12.326262 57.993 -10.6239
12.415583 58.092 -11.1887
12.505552 58.191 -11.7583
12.596172 58.289 -12.3325
12.687449 58.387 -12.9111
12.779387 58.485 -13.4943
12.871992 58.582 -14.0815
12.965268 58.679 -14.6730
13.059220 58.775 -15.2685
13.153852 58.870 -15.8679
13.249170 58.965 -16.4711
13.345179 59.060 -17.0780
13.441884 59.153 -17.6885
13.539289 59.246 -18.3024
13.637401 59.338 -18.9195
13.736223 59.430 -19.5397
13.835761 59.520 -20.1626
13.936021 59.610 -20.7881
14.037007 59.698 -21.4160
14.138725 59.786 -22.0458
14.241180 59.873 -22.6774
14.344377 59.959 -23.3102
14.448323 60.044 -23.9442
14.553021 60.129 -24.5788
14.658478 60.212 -25.2138
14.764700 60.295 -25.8489
14.871691 60.378 -26.4838
14.979457 60.460 -27.1182
15.088005 60.541 -27.7521
15.197339 60.623 -28.3851
15.307465 60.704 -29.0173
15.418389 60.784 -29.6487
15.530117 60.865 -30.2792
15.642655 60.946 -30.9090
15.756008 61.027 -31.5381
15.870182 61.108 -32.1669
15.985184 61.190 -32.7954
16.101019 61.272 -33.4241
16.217694 61.354 -34.0532
16.335214 61.437 -34.6829
16.453586 61.521 -35.3136
16.572815 61.605 -35.9456
16.692909 61.689 -36.5792
16.813872 61.775 -37.2145
16.935713 61.861 -37.8518
17.058436 61.947 -38.4912
17.182048 62.035 -39.1328
17.306556 62.123 -39.7767
17.431967 62.212 -40.4227
17.558286 62.301 -41.0707
17.685521 62.391 -41.7206
17.813677 62.482 -42.3722
17.942762 62.574 -43.0251
18.072783 62.666 -43.6790
18.203746 62.760 -44.3333
18.335658 62.854 -44.9878
18.468526 62.949 -45.6418
18.602356 63.045 -46.2949
18.737156 63.141 -46.9465
18.872934 63.239 -47.5960
19.009695 63.337 -48.2428
19.147447 63.436 -48.8864
19.286197 63.536 -49.5260
19.425953 63.637 -50.1612
19.566721 63.738 -50.7913
19.708510 63.840 -51.4159
19.851326 63.943 -52.0343
19.995177 64.047 -52.6461
20.140070 64.151 -53.2509
20.286013 64.255 -53.8480
20.433014 64.360 -54.4373
20.581080 64.465 -55.0182
20.730219 64.570 -55.5905
20.880439 64.676 -56.1539
21.031747 64.781 -56.7081
21.184152 64.886 -57.2530
21.337661 64.991 -57.7885
21.492282 65.096 -58.3142
21.648024 65.200 -58.8303
21.804895 65.303 -59.3367
21.962902 65.405 -59.8334
22.122054 65.507 -60.3204
22.282360 65.607 -60.7977
22.443827 65.707 -61.2656
22.606464 65.805 -61.7240
22.770280 65.901 -62.1732
22.935283 65.996 -62.6133
23.101481 66.090 -63.0444
23.268884 66.182 -63.4670
23.437500 66.272 -63.8813
23.607338 66.360 -64.2875
23.778406 66.446 -64.6861
23.950714 66.531 -65.0775
24.124271 66.613 -65.4621
24.299086 66.693 -65.8405
24.475167 66.771 -66.2133
24.652524 66.848 -66.5812
24.831166 66.922 -66.9446
25.011103 66.994 -67.3046
25.192344 67.064 -67.6619
25.374898 67.132 -68.0171
25.558775 67.198 -68.3713
25.743984 67.261 -68.7252
25.930536 67.323 -69.0798
26.118439 67.383 -69.4359
26.307704 67.441 -69.7944
26.498341 67.497 -70.1562
26.690359 67.551 -70.5222
26.883768 67.603 -70.8932
27.078579 67.654 -71.2701
27.274801 67.703 -71.6536
27.472446 67.750 -72.0446
27.671522 67.796 -72.4438
27.872042 67.841 -72.8521
28.074014 67.885 -73.2700
28.277450 67.929 -73.6984
28.482360 67.971 -74.1378
28.688755 68.013 -74.5889
28.896645 68.054 -75.0522
29.106042 68.095 -75.5282
29.316957 68.136 -76.0174
29.529400 68.177 -76.5200
29.743382 68.218 -77.0364
29.958915 68.260 -77.5665
30.176009 68.302 -78.1106
30.394677 68.345 -78.6683
30.614929 68.388 -79.2394
30.836778 68.432 -79.8235
31.060234 68.477 -80.4202
31.285309 68.524 -81.0286
31.512015 68.571 -81.6479
31.740364 68.620 -82.2773
31.970368 68.669 -82.9155
32.202039 68.720 -83.5612
32.435388 68.772 -84.2133
32.670428 68.826 -84.8701
32.907171 68.880 -85.5303
33.145630 68.936 -86.1922
33.385817 68.992 -86.8542
33.627745 69.050 -87.5145
33.871425 69.109 -88.1717
34.116871 69.168 -88.8240
34.364096 69.229 -89.4697
34.613113 69.289 -90.1074
34.863934 69.351 -90.7355
35.116572 69.413 -91.3528
35.371041 69.475 -91.9578
35.627354 69.537 -92.5496
35.885525 69.599 -93.1268
36.145566 69.661 -93.6890
36.407492 69.723 -94.2351
36.671316 69.785 -94.7646
36.937051 69.846 -95.2773
37.204712 69.906 -95.7729
37.474313 69.966 -96.2514
37.745867 70.025 -96.7128
38.019389 70.083 -97.1575
38.294893 70.140 -97.5861
38.572394 70.196 -97.9991
38.851905 70.251 -98.3974
39.133442 70.305 -98.7820
39.417019 70.357 -99.1539
39.702651 70.409 -99.5146
39.990353 70.459 -99.8654
40.280140 70.508 -100.2078
40.572026 70.555 -100.5432
40.866028 70.602 -100.8735
41.162160 70.647 -101.2003
41.460438 70.691 -101.5254
41.760877 70.734 -101.8505
42.063494 70.776 -102.1772
42.368303 70.817 -102.5074
42.675322 70.857 -102.8425
42.984565 70.896 -103.1841
43.296048 70.935 -103.5336
43.609789 70.973 -103.8922
43.925804 71.010 -104.2610
44.244108 71.047 -104.6409
44.564719 71.084 -105.0327
44.887654 71.120 -105.4369
45.212928 71.157 -105.8538
45.540560 71.193 -106.2834
45.870565 71.230 -106.7259
46.202962 71.268 -107.1807
46.537768 71.305 -107.6473
46.875000 71.343 -108.1251
47.214676 71.382 -108.6132
47.556813 71.422 -109.1104
47.901429 71.462 -109.6155
48.248542 71.503 -110.1273
48.598171 71.545 -110.6443
48.950334 71.587 -111.1652
49.305048 71.630 -111.6884
49.662333 71.674 -112.2123
50.022206 71.718 -112.7357
50.384688 71.763 -113.2572
50.749796 71.808 -113.7755
51.117550 71.853 -114.2894
51.487969 71.899 -114.7980
51.861072 71.944 -115.3005
52.236879 71.989 -115.7961
52.615409 72.034 -116.2846
52.996681 72.078 -116.7656
53.380717 72.122 -117.2389
53.767536 72.165 -117.7047
54.157158 72.207 -118.1633
54.549603 72.248 -118.6151
54.944892 72.288 -119.0605
55.343045 72.327 -119.5005
55.744084 72.364 -119.9357
56.148028 72.401 -120.3669
56.554900 72.436 -120.7952
56.964720 72.471 -121.2214
57.377510 72.504 -121.6466
57.793291 72.535 -122.0717
58.212085 72.566 -122.4974
58.633914 72.596 -122.9249
59.058799 72.625 -123.3547
59.486764 72.653 -123.7875
59.917829 72.680 -124.2239
60.352019 72.707 -124.6643
60.789354 72.733 -125.1089
61.229859 72.758 -125.5580
61.673556 72.784 -126.0114
62.120468 72.809 -126.4691
62.570618 72.833 -126.9307
63.024031 72.858 -127.3959
63.480729 72.883 -127.8640
63.940736 72.907 -128.3345
64.404077 72.932 -128.8068
64.870776 72.957 -129.2800
65.340856 72.981 -129.7535
65.814343 73.006 -130.2264
66.291261 73.030 -130.6981
66.771635 73.055 -131.1677
67.255489 73.079 -131.6348
67.742850 73.103 -132.0989
68.233743 73.127 -132.5594
68.728193 73.150 -133.0161
69.226226 73.173 -133.4688
69.727867 73.196 -133.9175
70.233144 73.217 -134.3622
70.742083 73.239 -134.8031
71.254709 73.259 -135.2405
71.771050 73.279 -135.6746
72.291132 73.297 -136.1060
72.814984 73.315 -136.5350
73.342631 73.332 -136.9622
73.874102 73.349 -137.3879
74.409424 73.364 -137.8126
74.948626 73.379 -138.2368
75.491734 73.393 -138.6605
76.038779 73.407 -139.0842
76.589787 73.419 -139.5081
77.144788 73.432 -139.9320
77.703811 73.443 -140.3560
78.266885 73.454 -140.7800
78.834039 73.465 -141.2038
79.405303 73.476 -141.6271
79.980706 73.486 -142.0495
80.560280 73.496 -142.4708
81.144053 73.505 -142.8906
81.732056 73.515 -143.3085
82.324320 73.524 -143.7240
82.920876 73.533 -144.1371
83.521755 73.541 -144.5472
84.126988 73.549 -144.9543
84.736607 73.557 -145.3582
85.350643 73.565 -145.7587
85.969129 73.573 -146.1558
86.592097 73.580 -146.5496
87.219579 73.586 -146.9401
87.851608 73.593 -147.3275
88.488217 73.599 -147.7118
89.129439 73.604 -148.0933
89.775308 73.610 -148.4719
90.425856 73.615 -148.8481
91.081119 73.620 -149.2219
91.741131 73.624 -149.5934
92.405925 73.629 -149.9626
93.075536 73.633 -150.3297
93.750000 73.637 -150.6947
94.429351 73.641 -151.0576
95.113625 73.644 -151.4182
95.802858 73.648 -151.7766
96.497085 73.652 -152.1328
97.196342 73.655 -152.4865
97.900667 73.659 -152.8378
98.610096 73.662 -153.1866
99.324665 73.665 -153.5328
100.044413 73.669 -153.8764
100.769376 73.672 -154.2175
101.499592 73.675 -154.5574
102.235100 73.678 -154.8962
102.975938 73.681 -155.2338
103.722144 73.684 -155.5703
104.473757 73.686 -155.9056
105.230817 73.689 -156.2399
105.993363 73.691 -156.5731
106.761435 73.694 -156.9052
107.535072 73.696 -157.2363
108.314315 73.698 -157.5663
109.099206 73.700 -157.8952
109.889783 73.701 -158.2230
110.686090 73.703 -158.5497
111.488167 73.704 -158.8751
112.296056 73.705 -159.1992
113.109800 73.706 -159.5222
113.929440 73.707 -159.8438
114.755020 73.708 -160.1642
115.586582 73.708 -160.4834
116.424170 73.708 -160.8014
117.267827 73.708 -161.1183
118.117598 73.707 -161.4343
118.973527 73.706 -161.7493
119.835658 73.705 -162.0636
120.704037 73.704 -162.3772
121.578708 73.703 -162.6902
122.459718 73.701 -163.0027
123.347111 73.699 -163.3147
124.240935 73.697 -163.6262
125.141236 73.694 -163.9373
126.048061 73.691 -164.2477
126.961458 73.689 -164.5576
127.881473 73.685 -164.8669
128.808154 73.682 -165.1755
129.741551 73.679 -165.4833
130.681712 73.675 -165.7903
131.628686 73.672 -166.0964
132.582521 73.668 -166.4016
133.543269 73.664 -166.7058
134.510979 73.660 -167.0090
135.485701 73.655 -167.3112
136.467486 73.651 -167.6122
137.456386 73.647 -167.9121
138.452451 73.642 -168.2109
139.455735 73.638 -168.5085
140.466288 73.633 -168.8050
141.484165 73.629 -169.1002
142.509418 73.624 -169.3942
143.542100 73.619 -169.6870
144.582265 73.615 -169.9786
145.629968 73.610 -170.2690
146.685262 73.605 -170.5582
147.748204 73.600 -170.8463
148.818849 73.595 -171.1332
149.897251 73.590 -171.4192
150.983469 73.585 -171.7041
152.077557 73.580 -171.9880
153.179574 73.574 -172.2710
154.289576 73.569 -172.5531
155.407622 73.563 -172.8344
156.533770 73.557 -173.1148
157.668078 73.551 -173.3945
158.810606 73.545 -173.6733
159.961413 73.539 -173.9515
161.120559 73.532 -174.2290
162.288105 73.525 -174.5059
163.464112 73.518 -174.7822
164.648640 73.511 -175.0579
165.841752 73.503 -175.3333
167.043510 73.496 -175.6082
168.253976 73.488 -175.8826
169.473213 73.480 -176.1569
170.701286 73.471 -176.4308
171.938258 73.463 -176.7045
173.184194 73.454 -176.9781
174.439158 73.445 -177.2516
175.703216 73.436 -177.5250
176.976434 73.426 -177.7984
178.258878 73.416 -178.0718
179.550615 73.406 -178.3453
180.851713 73.396 -178.6190
182.162239 73.386 -178.8928
183.482262 73.375 -179.1667
184.811850 73.364 -179.4409
186.151073 73.352 -179.7153
187.500000 73.340 -179.9900
188.858702 73.328 179.7350
190.227250 73.316 179.4598
191.605715 73.303 179.1843
192.994169 73.289 178.9086
194.392685 73.275 178.6327
195.801334 73.261 178.3566
197.220191 73.246 178.0804
198.649330 73.231 177.8043
200.088825 73.215 177.5283
201.538751 73.199 177.2526
202.999184 73.183 176.9772
204.470200 73.165 176.7025
205.951875 73.148 176.4286
207.444287 73.130 176.1558
208.947514 73.111 175.8840
210.461634 73.092 175.6138
211.986726 73.072 175.3450
213.522869 73.052 175.0780
215.070144 73.032 174.8129
216.628631 73.011 174.5497
218.198411 72.989 174.2886
219.779567 72.967 174.0297
221.372180 72.945 173.7729
222.976334 72.922 173.5183
224.592112 72.899 173.2659
226.219600 72.875 173.0156
227.858880 72.850 172.7676
229.510039 72.826 172.5218
231.173164 72.801 172.2782
232.848340 72.775 172.0369
234.535655 72.749 171.7980
236.235197 72.723 171.5615
237.947054 72.696 171.3274
239.671317 72.669 171.0959
241.408074 72.641 170.8671
243.157416 72.613 170.6410
244.919435 72.585 170.4177
246.694223 72.557 170.1972
248.481871 72.528 169.9796
250.282473 72.499 169.7649
252.096123 72.470 169.5532
253.922915 72.440 169.3445
255.762945 72.410 169.1389
257.616309 72.380 168.9365
259.483103 72.349 168.7372
261.363424 72.318 168.5413
263.257372 72.287 168.3487
265.165043 72.256 168.1596
267.086538 72.224 167.9741
269.021957 72.192 167.7924
270.971401 72.160 167.6144
272.934972 72.127 167.4404
274.912771 72.094 167.2704
276.904902 72.061 167.1047
278.911469 72.027 166.9433
280.932577 71.993 166.7864
282.968330 71.959 166.6342
285.018835 71.924 166.4868
287.084199 71.889 166.3444
289.164530 71.854 166.2070
291.259935 71.820 166.0750
293.370525 71.784 165.9482
295.496408 71.749 165.8268
297.637697 71.714 165.7109
299.794503 71.679 165.6003
301.966937 71.644 165.4952
304.155114 71.610 165.3954
306.359147 71.575 165.3007
308.579152 71.541 165.2111
310.815244 71.506 165.1262
313.067539 71.472 165.0460
315.336156 71.439 164.9703
317.621211 71.405 164.8986
319.922826 71.372 164.8309
322.241118 71.340 164.7668
324.576210 71.307 164.7061
326.928223 71.275 164.6486
329.297280 71.244 164.5938
331.683504 71.212 164.5417
334.087019 71.181 164.4920
336.507952 71.150 164.4446
338.946427 71.120 164.3993
341.402572 71.090 164.3560
343.876516 71.060 164.3149
346.368387 71.030 164.2758
348.878315 71.000 164.2390
351.406431 70.971 164.2045
353.952867 70.942 164.1726
356.517756 70.912 164.1434
359.101230 70.883 164.1171
361.703426 70.854 164.0941
364.324478 70.826 164.0743
366.964523 70.797 164.0582
369.623699 70.769 164.0458
372.302145 70.741 164.0374
375.000000 70.713 164.0331
377.717405 70.685 164.0330
380.454501 70.659 164.0372
383.211431 70.632 164.0458
385.988339 70.607 164.0586
388.785369 70.582 164.0754
391.602668 70.558 164.0962
394.440383 70.535 164.1202
397.298660 70.514 164.1471
400.177650 70.493 164.1760
403.077502 70.474 164.2060
405.998368 70.456 164.2362
408.940400 70.440 164.2655
411.903750 70.425 164.2925
414.888575 70.411 164.3161
417.895028 70.399 164.3348
420.923268 70.389 164.3473
423.973452 70.380 164.3522
427.045738 70.372 164.3483
430.140287 70.366 164.3342
433.257261 70.361 164.3088
436.396822 70.356 164.2714
439.559133 70.352 164.2211
442.744360 70.348 164.1577
445.952668 70.344 164.0808
449.184225 70.340 163.9910
452.439199 70.335 163.8888
455.717760 70.328 163.7753
459.020079 70.321 163.6519
462.346327 70.312 163.5203
465.696680 70.301 163.3823
469.071310 70.288 163.2401
472.470394 70.273 163.0956
475.894109 70.257 162.9510
479.342634 70.238 162.8080
482.816148 70.217 162.6684
486.314833 70.195 162.5334
489.838871 70.170 162.4040
493.388445 70.145 162.2810
496.963741 70.117 162.1647
500.564945 70.089 162.0554
504.192245 70.060 161.9529
507.845830 70.030 161.8573
511.525890 69.999 161.7681
515.232618 69.967 161.6853
518.966206 69.935 161.6085
522.726849 69.903 161.5375
526.514743 69.870 161.4724
530.330086 69.838 161.4130
534.173076 69.805 161.3593
538.043915 69.772 161.3115
541.942803 69.739 161.2698
545.869944 69.706 161.2343
549.825542 69.673 161.2051
553.809805 69.640 161.1825
557.822939 69.608 161.1664
561.865154 69.576 161.1567
565.936660 69.544 161.1534
570.037671 69.512 161.1562
574.168399 69.481 161.1649
578.329060 69.451 161.1788
582.519870 69.420 161.1978
586.741049 69.391 161.2213
590.992817 69.362 161.2487
595.275394 69.333 161.2797
599.589005 69.304 161.3137
603.933874 69.277 161.3505
608.310228 69.249 161.3898
612.718295 69.222 161.4313
617.158304 69.196 161.4749
621.630488 69.170 161.5206
626.135079 69.144 161.5682
630.672311 69.119 161.6179
635.242423 69.094 161.6697
639.845651 69.070 161.7238
644.482237 69.046 161.7802
649.152421 69.022 161.8391
653.856447 68.999 161.9004
658.594560 68.976 161.9641
663.367008 68.954 162.0302
668.174039 68.933 162.0984
673.015903 68.912 162.1686
677.892854 68.892 162.2402
682.805145 68.872 162.3130
687.753032 68.853 162.3867
692.736774 68.835 162.4606
697.756631 68.818 162.5345
702.812863 68.801 162.6082
707.905735 68.785 162.6812
713.035511 68.769 162.7533
718.202461 68.755 162.8246
723.406852 68.741 162.8949
728.648956 68.727 162.9642
733.929047 68.715 163.0325
739.247399 68.703 163.0999
744.604290 68.691 163.1666
750.000000 68.680 163.2327
755.434809 68.669 163.2983
760.909001 68.658 163.3636
766.422861 68.648 163.4288
771.976677 68.638 163.4939
777.570739 68.629 163.5591
783.205337 68.620 163.6244
788.880766 68.611 163.6899
794.597321 68.602 163.7554
800.355301 68.594 163.8208
806.155005 68.586 163.8859
811.996736 68.579 163.9502
817.880799 68.572 164.0134
823.807501 68.566 164.0748
829.777150 68.561 164.1339
835.790057 68.556 164.1901
841.846536 68.552 164.2427
847.946903 68.549 164.2911
854.091476 68.547 164.3347
860.280575 68.545 164.3730
866.514523 68.544 164.4056
872.793644 68.544 164.4318
879.118267 68.544 164.4511
885.488720 68.544 164.4633
891.905336 68.545 164.4680
898.368450 68.547 164.4648
904.878398 68.548 164.4536
911.435520 68.550 164.4344
918.040157 68.551 164.4075
924.692655 68.553 164.3729
931.393359 68.554 164.3313
938.142619 68.554 164.2835
944.940787 68.554 164.2303
951.788218 68.553 164.1730
958.685268 68.552 164.1125
965.632296 68.549 164.0504
972.629666 68.545 163.9875
979.677741 68.541 163.9253
986.776890 68.535 163.8644
993.927482 68.529 163.8055
1001.129891 68.523 163.7490
1008.384491 68.516 163.6948
1015.691660 68.509 163.6427
1023.051781 68.501 163.5922
1030.465236 68.494 163.5423
1037.932411 68.487 163.4922
1045.453698 68.480 163.4410
1053.029486 68.473 163.3877
1060.660172 68.467 163.3315
1068.346153 68.460 163.2716
1076.087829 68.454 163.2078
1083.885605 68.448 163.1398
1091.739887 68.442 163.0675
1099.651084 68.435 162.9911
1107.619609 68.428 162.9109
1115.645878 68.421 162.8271
1123.730308 68.414 162.7402
1131.873321 68.406 162.6506
1140.075341 68.398 162.5586
1148.336797 68.389 162.4646
1156.658119 68.380 162.3690
1165.039741 68.370 162.2721
1173.482099 68.360 162.1742
1181.985634 68.350 162.0756
1190.550789 68.339 161.9762
1199.178011 68.328 161.8760
1207.867749 68.317 161.7748
1216.620457 68.306 161.6724
1225.436590 68.295 161.5681
1234.316609 68.284 161.4616
1243.260976 68.273 161.3524
1252.270157 68.261 161.2399
1261.344623 68.249 161.1240
1270.484846 68.237 161.0043
1279.691303 68.225 160.8808
1288.964474 68.211 160.7535
1298.304842 68.197 160.6227
1307.712894 68.183 160.4888
1317.189120 68.167 160.3522
1326.734016 68.150 160.2137
1336.348077 68.131 160.0742
1346.031806 68.112 159.9344
1355.785708 68.091 159.7955
1365.610290 68.068 159.6586
1375.506065 68.045 159.5249
1385.473549 68.019 159.3955
1395.513261 67.993 159.2716
1405.625726 67.965 159.1541
1415.811469 67.937 159.0439
1426.071023 67.907 158.9420
1436.404921 67.877 158.8488
1446.813703 67.846 158.7648
1457.297912 67.814 158.6906
1467.858093 67.783 158.6263
1478.494798 67.752 158.5723
1489.208581 67.721 158.5283
1500.000000 67.691 158.4940
1510.869618 67.662 158.4685
1521.818002 67.634 158.4508
1532.845723 67.608 158.4391
1543.953355 67.584 158.4313
1555.141477 67.561 158.4250
1566.410674 67.541 158.4175
1577.761531 67.522 158.4058
1589.194642 67.506 158.3874
1600.710601 67.491 158.3597
1612.310010 67.477 158.3206
1623.993473 67.464 158.2686
1635.761599 67.453 158.2026
1647.615002 67.441 158.1223
1659.554299 67.430 158.0275
1671.580114 67.418 157.9188
1683.693072 67.405 157.7972
1695.893807 67.391 157.6636
1708.182952 67.377 157.5193
1720.561150 67.361 157.3656
1733.029045 67.343 157.2037
1745.587288 67.324 157.0348
1758.236533 67.304 156.8599
1770.977440 67.281 156.6802
1783.810673 67.257 156.4964
1796.736900 67.231 156.3096
1809.756796 67.204 156.1205
1822.871040 67.174 155.9301
1836.080315 67.142 155.7393
1849.385310 67.108 155.5491
1862.786718 67.073 155.3605
1876.285239 67.035 155.1743
1889.881575 66.996 154.9917
1903.576436 66.954 154.8136
1917.370535 66.911 154.6409
1931.264593 66.866 154.4744
1945.259332 66.819 154.3149
1959.355483 66.771 154.1628
1973.553781 66.721 154.0184
1987.854965 66.670 153.8820
2002.259781 66.618 153.7532
2016.768981 66.565 153.6318
2031.383320 66.511 153.5174
2046.103561 66.456 153.4094
2060.930471 66.400 153.3076
2075.864823 66.344 153.2113
2090.907395 66.286 153.1205
2106.058972 66.227 153.0352
2121.320344 66.166 152.9558
2136.692305 66.105 152.8828
2152.175658 66.042 152.8174
2167.771210 65.977 152.7608
2183.479774 65.910 152.7148
2199.302169 65.842 152.6813
2215.239219 65.771 152.6629
2231.291755 65.699 152.6620
2247.460615 65.625 152.6816
2263.746641 65.549 152.7245
2280.150683 65.471 152.7937
2296.673595 65.392 152.8916
2313.316238 65.313 153.0205
2330.079481 65.234 153.1820
2346.964198 65.155 153.3767
2363.971268 65.077 153.6046
2381.101578 65.001 153.8642
2398.356022 64.928 154.1532
2415.735498 64.859 154.4683
2433.240913 64.793 154.8050
2450.873180 64.732 155.1584
2468.633217 64.676 155.5231
2486.521951 64.625 155.8934
2504.540314 64.579 156.2634
2522.689246 64.538 156.6277
2540.969692 64.502 156.9813
2559.382606 64.470 157.3196
2577.928947 64.441 157.6388
2596.609683 64.415 157.9360
2615.425787 64.392 158.2091
2634.378241 64.369 158.4575
2653.468031 64.346 158.6815
2672.696154 64.322 158.8832
2692.063613 64.297 159.0659
2711.571415 64.269 159.2344
2731.220579 64.237 159.3949
2751.012130 64.202 159.5551
2770.947098 64.162 159.7234
2791.026522 64.118 159.9096
2811.251451 64.070 160.1236
2831.622938 64.018 160.3757
2852.142045 63.963 160.6757
2872.809842 63.907 161.0328
2893.627406 63.850 161.4545
2914.595823 63.795 161.9461
2935.716186 63.743 162.5101
2956.989596 63.697 163.1453
2978.417161 63.660 163.8469
3000.000000 63.633 164.6058
3021.739237 63.618 165.4094
3043.636005 63.616 166.2422
3065.691446 63.629 167.0867
3087.906710 63.656 167.9254
3110.282955 63.696 168.7414
3132.821347 63.750 169.5206
3155.523062 63.815 170.2518
3178.389283 63.890 170.9279
3201.421202 63.974 171.5448
3224.620020 64.065 172.1021
3247.986946 64.162 172.6013
3271.523198 64.265 173.0453
3295.230004 64.374 173.4374
3319.108599 64.489 173.7802
3343.160228 64.609 174.0748
3367.386145 64.735 174.3208
3391.787613 64.868 174.5153
3416.365904 65.007 174.6536
3441.122300 65.152 174.7292
3466.058091 65.302 174.7341
3491.174576 65.456 174.6599
3516.473066 65.614 174.4979
3541.954880 65.773 174.2405
3567.621345 65.931 173.8811
3593.473800 66.087 173.4150
3619.513592 66.239 172.8399
3645.742080 66.384 172.1556
3672.160630 66.521 171.3644
3698.770620 66.647 170.4712
3725.573436 66.762 169.4826
3752.570477 66.864 168.4076
3779.763150 66.952 167.2566
3807.152872 67.024 166.0414
3834.741071 67.080 164.7746
3862.529185 67.120 163.4697
3890.518664 67.143 162.1404
3918.710966 67.151 160.8000
3947.107561 67.142 159.4617
3975.709929 67.119 158.1377
4004.519563 67.081 156.8387
4033.537962 67.031 155.5740
4062.766641 66.970 154.3505
4092.207123 66.900 153.1729
4121.860942 66.823 152.0431
4151.729646 66.741 150.9604
4181.814790 66.656 149.9210
4212.117944 66.569 148.9187
4242.640687 66.484 147.9449
4273.384610 66.400 146.9893
4304.351317 66.320 146.0403
4335.542421 66.243 145.0862
4366.959549 66.171 144.1153
4398.604338 66.102 143.1171
4430.478438 66.036 142.0822
4462.583511 65.971 141.0031
4494.921231 65.907 139.8743
4527.493283 65.843 138.6917
4560.301365 65.776 137.4532
4593.347189 65.705 136.1580
4626.632476 65.630 134.8063
4660.158962 65.549 133.3990
4693.928395 65.461 131.9378
4727.942535 65.365 130.4247
4762.203156 65.260 128.8620
4796.712043 65.145 127.2520
4831.470996 65.020 125.5972
4866.481826 64.884 123.9004
4901.746360 64.737 122.1644
4937.266434 64.577 120.3922
4973.043902 64.404 118.5870
5009.080628 64.218 116.7526
5045.378492 64.018 114.8928
5081.939384 63.804 113.0118
5118.765212 63.574 111.1141
5155.857894 63.329 109.2048
5193.219366 63.068 107.2891
5230.851574 62.790 105.3726
5268.756481 62.496 103.4612
5306.936062 62.184 101.5612
5345.392309 61.854 99.6787
5384.127225 61.506 97.8202
5423.142830 61.139 95.9918
5462.441159 60.754 94.1991
5502.024259 60.350 92.4471
5541.894195 59.926 90.7395
5582.053045 59.483 89.0781
5622.502902 59.021 87.4623
5663.245876 58.541 85.8885
5704.284090 58.041 84.3488
5745.619684 57.523 82.8296
5787.254813 56.987 81.3108
5829.191647 56.433 79.7629
5871.432373 55.864 78.1447
5913.979192 55.280 76.3978
5956.834323 54.683 74.4405
6000.000000 54.078 72.1559
6043.478473 53.468 69.3721
6087.272010 52.863 65.8292
6131.382892 52.275 61.1212
6175.813420 51.721 54.6004
6220.565910 51.228 45.2579
6265.642695 50.827 31.7702
6311.046124 50.552 13.4680
6356.778566 50.430 -7.3349
6402.842404 50.473 -25.8335
6449.240040 50.671 -39.5767
6495.973891 50.996 -49.1664
6543.046396 51.415 -55.9230
6590.460007 51.895 -60.8627
6638.217197 52.411 -64.6359
6686.320456 52.945 -67.6476
6734.772290 53.484 -70.1535
6783.575226 54.019 -72.3207
6832.731809 54.546 -74.2615
6882.244600 55.061 -76.0537
6932.116181 55.563 -77.7526
6982.349153 56.050 -79.3981
7032.946133 56.521 -81.0191
7083.909760 56.975 -82.6371
7135.242690 57.413 -84.2674
7186.947600 57.835 -85.9210
7239.027185 58.240 -87.6055
7291.484160 58.628 -89.3260
7344.321260 59.000 -91.0853
7397.541239 59.355 -92.8851
7451.146872 59.694 -94.7260
7505.140954 60.017 -96.6079
7559.526299 60.323 -98.5303
7614.305743 60.614 -100.4927
7669.482141 60.887 -102.4940
7725.058371 61.143 -104.5335
7781.037328 61.383 -106.6099
7837.421932 61.603 -108.7214
7894.215122 61.806 -110.8656
7951.419859 61.988 -113.0389
8009.039125 62.150 -115.2366
8067.075924 62.290 -117.4518
8125.533282 62.408 -119.6763
8184.414245 62.503 -121.8998
8243.721885 62.575 -124.1107
8303.459292 62.624 -126.2957
8363.629581 62.650 -128.4407
8424.235888 62.654 -130.5316
8485.281374 62.636 -132.5549
8546.769221 62.600 -134.4988
8608.702634 62.546 -136.3533
8671.084842 62.479 -138.1121
8733.919097 62.400 -139.7722
8797.208675 62.313 -141.3347
8860.956876 62.221 -142.8051
8925.167022 62.127 -144.1917
8989.842461 62.035 -145.5063
9054.986566 61.945 -146.7626
9120.602731 61.860 -147.9746
9186.694378 61.780 -149.1565
9253.264952 61.706 -150.3215
9320.317925 61.636 -151.4807
9387.856790 61.572 -152.6436
9455.885071 61.510 -153.8174
9524.406312 61.451 -155.0074
9593.424086 61.393 -156.2178
9662.941992 61.335 -157.4507
9732.963653 61.276 -158.7081
9803.492719 61.215 -159.9911
9874.532869 61.151 -161.3004
9946.087805 61.084 -162.6365
10018.161257 61.014 -164.0000
10090.756983 60.939 -165.3914
10163.878768 60.859 -166.8108
10237.530423 60.775 -168.2588
10311.715789 60.684 -169.7357
10386.438732 60.588 -171.2419
10461.703149 60.486 -172.7781
10537.512962 60.377 -174.3446
10613.872125 60.261 -175.9419
10690.784618 60.137 -177.5708
10768.254450 60.007 -179.2321
10846.285661 59.868 179.0735
10924.882318 59.721 177.3452
11004.048518 59.566 175.5822
11083.788390 59.402 173.7839
11164.106090 59.228 171.9504
11245.005805 59.045 170.0815
11326.491752 58.850 168.1780
11408.568180 58.645 166.2407
11491.239368 58.428 164.2710
11574.509626 58.199 162.2711
11658.383294 57.958 160.2432
11742.864745 57.704 158.1904
11827.958384 57.436 156.1169
11913.668646 57.156 154.0281
12000.000000 56.861 151.9312
12086.956947 56.552 149.8363
12174.544019 56.229 147.7577
12262.765784 55.891 145.7146
12351.626840 55.537 143.7328
12441.131819 55.166 141.8468
12531.285389 54.778 140.1016
12622.092249 54.371 138.5551
12713.557132 53.946 137.2812
12805.684808 53.501 136.3733
12898.480079 53.036 135.9470
12991.947783 52.552 136.1439
13086.092792 52.049 137.1292
13180.920015 51.529 139.0811
13276.434395 50.994 142.1597
13372.640911 50.446 146.4431
13469.544580 49.891 151.8359
13567.150452 49.333 157.9924
13665.463617 48.779 164.3467
13764.489200 48.233 170.2832
13864.232362 47.705 175.3457
13964.698305 47.199 179.3318
14065.892266 46.722 -177.7483
14167.819519 46.276 -175.7648
14270.485380 45.863 -174.5472
14373.895200 45.480 -173.9275
14478.054370 45.125 -173.7581
14582.968320 44.793 -173.9165
14688.642520 44.476 -174.3036
14795.082478 44.170 -174.8397
14902.293745 43.869 -175.4617
15010.281908 43.568 -176.1201
15119.052599 43.263 -176.7766
15228.611486 42.953 -177.4027
15338.964283 42.635 -177.9790
15450.116741 42.309 -178.4939
15562.074656 41.975 -178.9429
15674.843864 41.634 -179.3276
15788.430244 41.287 -179.6548
15902.839718 40.933 -179.9336
16018.078250 40.575 179.8246
16134.151848 40.212 179.6094
16251.066563 39.844 179.4119
16368.828491 39.470 179.2263
16487.443769 39.087 179.0504
16606.918584 38.695 178.8845
16727.259161 38.290 178.7317
16848.471777 37.871 178.5957
16970.562748 37.435 178.4807
17093.538442 36.980 178.3904
17217.405268 36.506 178.3263
17342.169684 36.012 178.2892
17467.838194 35.498 178.2781
17594.417350 34.968 178.2910
17721.913751 34.424 178.3257
17850.334044 33.873 178.3787
17979.684923 33.320 178.4470
18109.973131 32.778 178.5267
18241.205462 32.259 178.6135
18373.388756 31.779 178.7024
18506.529905 31.353 178.7874
18640.635849 30.996 178.8629
18775.713581 30.715 178.9243
18911.770141 30.511 178.9695
19048.812624 30.376 178.9994
19186.848172 30.295 179.0168
19325.883983 30.253 179.0256
19465.927305 30.233 179.0295
19606.985439 30.227 179.0308
19749.065738 30.225 179.0312
19892.175609 30.224 179.0312
20036.322514 30.224 179.0312
