* Measurement data measured by REW V5.31.3
* Source: Microphone (Realtek High Definition Audio), no input selected, R, volume: no control
* Format: 64k Log Swept Sine, 4 sweeps at 12.0- dBFS with no timing reference
* Dated: 26/03/2025 09:41:41 „
* REW Settings:
*  C-weighting compensation: Off
*  Target level: -8.0 dB
* Note: 
* Measurement: R1
* Smoothing: Psychoacoustic
* Frequency Step: 96 ppo
* Start Frequency: 0.36621094 Hz
*
* Freq(Hz) SPL(dB) Phase(degrees)
0.366211 25.864 -39.8906
0.368865 25.879 -40.0010
0.371538 25.896 -40.1180
0.374230 25.914 -40.2418
0.376942 25.932 -40.3723
0.379673 25.951 -40.5097
0.382424 25.971 -40.6539
0.385196 25.992 -40.8048
0.387987 26.014 -40.9625
0.390798 26.036 -41.1268
0.393630 26.059 -41.2977
0.396483 26.083 -41.4751
0.399356 26.108 -41.6588
0.402250 26.133 -41.8488
0.405165 26.159 -42.0450
0.408101 26.185 -42.2471
0.411058 26.212 -42.4551
0.414037 26.240 -42.6689
0.417037 26.268 -42.8882
0.420059 26.296 -43.1131
0.423103 26.325 -43.3432
0.426169 26.355 -43.5786
0.429257 26.385 -43.8191
0.432368 26.415 -44.0646
0.435501 26.446 -44.3149
0.438656 26.477 -44.5700
0.441835 26.509 -44.8297
0.445037 26.540 -45.0940
0.448262 26.573 -45.3627
0.451510 26.605 -45.6359
0.454782 26.638 -45.9133
0.458077 26.671 -46.1949
0.461397 26.705 -46.4807
0.464740 26.738 -46.7706
0.468108 26.773 -47.0645
0.471500 26.807 -47.3623
0.474917 26.842 -47.6640
0.478358 26.877 -47.9696
0.481825 26.912 -48.2790
0.485316 26.947 -48.5921
0.488833 26.983 -48.9090
0.492375 27.019 -49.2295
0.495943 27.056 -49.5537
0.499537 27.093 -49.8814
0.503157 27.130 -50.2127
0.506803 27.167 -50.5476
0.510475 27.204 -50.8859
0.514175 27.242 -51.2277
0.517900 27.280 -51.5730
0.521653 27.319 -51.9217
0.525434 27.357 -52.2739
0.529241 27.396 -52.6294
0.533076 27.436 -52.9884
0.536939 27.475 -53.3507
0.540830 27.515 -53.7164
0.544749 27.555 -54.0855
0.548696 27.596 -54.4579
0.552673 27.637 -54.8337
0.556677 27.678 -55.2129
0.560711 27.719 -55.5955
0.564774 27.761 -55.9814
0.568867 27.803 -56.3708
0.572989 27.846 -56.7636
0.577141 27.888 -57.1599
0.581324 27.931 -57.5596
0.585536 27.975 -57.9628
0.589779 28.018 -58.3696
0.594053 28.063 -58.7800
0.598358 28.107 -59.1939
0.602694 28.152 -59.6115
0.607061 28.197 -60.0329
0.611460 28.242 -60.4580
0.615891 28.288 -60.8869
0.620354 28.334 -61.3197
0.624849 28.381 -61.7564
0.629377 28.428 -62.1972
0.633938 28.475 -62.6420
0.638532 28.523 -63.0909
0.643159 28.571 -63.5441
0.647819 28.620 -64.0015
0.652514 28.669 -64.4633
0.657242 28.718 -64.9295
0.662005 28.768 -65.4002
0.666802 28.819 -65.8755
0.671634 28.869 -66.3554
0.676501 28.921 -66.8400
0.681403 28.972 -67.3293
0.686341 29.024 -67.8234
0.691314 29.077 -68.3223
0.696324 29.130 -68.8262
0.701370 29.184 -69.3349
0.706452 29.238 -69.8485
0.711571 29.292 -70.3671
0.716728 29.347 -70.8906
0.721921 29.403 -71.4190
0.727153 29.459 -71.9523
0.732422 29.516 -72.4904
0.737729 29.573 -73.0333
0.743075 29.631 -73.5810
0.748460 29.689 -74.1333
0.753883 29.748 -74.6901
0.759346 29.807 -75.2514
0.764849 29.867 -75.8171
0.770391 29.927 -76.3870
0.775974 29.988 -76.9610
0.781597 30.049 -77.5389
0.787261 30.111 -78.1208
0.792966 30.174 -78.7063
0.798712 30.237 -79.2953
0.804500 30.300 -79.8877
0.810329 30.364 -80.4834
0.816201 30.429 -81.0822
0.822116 30.494 -81.6840
0.828073 30.559 -82.2886
0.834074 30.625 -82.8959
0.840118 30.692 -83.5058
0.846206 30.759 -84.1182
0.852338 30.826 -84.7330
0.858514 30.894 -85.3501
0.864735 30.963 -85.9694
0.871001 31.031 -86.5909
0.877313 31.101 -87.2145
0.883670 31.170 -87.8403
0.890074 31.240 -88.4681
0.896524 31.311 -89.0980
0.903020 31.382 -89.7300
0.909564 31.453 -90.3642
0.916155 31.524 -91.0005
0.922794 31.596 -91.6392
0.929481 31.669 -92.2802
0.936216 31.741 -92.9237
0.943000 31.814 -93.5697
0.949834 31.888 -94.2185
0.956717 31.962 -94.8702
0.963649 32.035 -95.5248
0.970632 32.110 -96.1827
0.977666 32.184 -96.8439
0.984750 32.259 -97.5087
0.991886 32.334 -98.1772
0.999074 32.410 -98.8497
1.006314 32.485 -99.5263
1.013606 32.561 -100.2072
1.020951 32.637 -100.8927
1.028349 32.714 -101.5829
1.035801 32.790 -102.2780
1.043307 32.867 -102.9783
1.050867 32.944 -103.6838
1.058482 33.022 -104.3947
1.066152 33.099 -105.1112
1.073878 33.177 -105.8333
1.081660 33.255 -106.5612
1.089498 33.333 -107.2950
1.097393 33.412 -108.0346
1.105345 33.490 -108.7802
1.113355 33.569 -109.5318
1.121423 33.648 -110.2893
1.129549 33.727 -111.0527
1.137734 33.806 -111.8219
1.145979 33.886 -112.5968
1.154283 33.965 -113.3774
1.162647 34.045 -114.1636
1.171072 34.125 -114.9551
1.179558 34.205 -115.7519
1.188106 34.286 -116.5538
1.196715 34.366 -117.3606
1.205387 34.447 -118.1722
1.214122 34.527 -118.9884
1.222920 34.608 -119.8090
1.231782 34.689 -120.6338
1.240708 34.770 -121.4628
1.249699 34.851 -122.2958
1.258754 34.932 -123.1326
1.267876 35.013 -123.9731
1.277063 35.094 -124.8173
1.286318 35.175 -125.6650
1.295639 35.257 -126.5162
1.305027 35.338 -127.3708
1.314484 35.419 -128.2290
1.324009 35.500 -129.0905
1.333604 35.581 -129.9556
1.343268 35.663 -130.8241
1.353002 35.744 -131.6962
1.362806 35.825 -132.5719
1.372681 35.906 -133.4513
1.382628 35.987 -134.3346
1.392647 36.067 -135.2218
1.402739 36.148 -136.1129
1.412904 36.229 -137.0082
1.423142 36.309 -137.9078
1.433455 36.390 -138.8117
1.443843 36.470 -139.7201
1.454305 36.550 -140.6330
1.464844 36.629 -141.5506
1.475459 36.709 -142.4729
1.486150 36.788 -143.3999
1.496920 36.868 -144.3319
1.507767 36.947 -145.2687
1.518693 37.025 -146.2105
1.529698 37.104 -147.1572
1.540783 37.182 -148.1089
1.551948 37.260 -149.0656
1.563194 37.338 -150.0274
1.574521 37.415 -150.9941
1.585931 37.492 -151.9659
1.597423 37.569 -152.9427
1.608999 37.645 -153.9246
1.620658 37.721 -154.9116
1.632402 37.797 -155.9037
1.644232 37.872 -156.9011
1.656146 37.947 -157.9038
1.668147 38.021 -158.9118
1.680235 38.095 -159.9253
1.692411 38.169 -160.9444
1.704675 38.242 -161.9693
1.717028 38.315 -163.0001
1.729470 38.387 -164.0368
1.742003 38.459 -165.0798
1.754626 38.530 -166.1291
1.767341 38.600 -167.1850
1.780147 38.670 -168.2475
1.793047 38.740 -169.3169
1.806040 38.809 -170.3933
1.819128 38.877 -171.4767
1.832310 38.945 -172.5674
1.845587 39.012 -173.6654
1.858961 39.078 -174.7708
1.872432 39.144 -175.8836
1.886001 39.209 -177.0038
1.899667 39.273 -178.1315
1.913433 39.337 -179.2666
1.927299 39.399 179.5909
1.941265 39.461 178.4410
1.955332 39.523 177.2839
1.969501 39.583 176.1196
1.983773 39.643 174.9481
1.998148 39.702 173.7696
2.012627 39.760 172.5841
2.027212 39.817 171.3917
2.041902 39.873 170.1924
2.056698 39.929 168.9864
2.071602 39.983 167.7735
2.086614 40.037 166.5540
2.101734 40.089 165.3276
2.116964 40.141 164.0945
2.132304 40.192 162.8546
2.147756 40.241 161.6079
2.163320 40.290 160.3544
2.178996 40.337 159.0939
2.194786 40.384 157.8264
2.210690 40.429 156.5520
2.226710 40.473 155.2705
2.242845 40.516 153.9819
2.259098 40.558 152.6862
2.275468 40.598 151.3833
2.291957 40.638 150.0733
2.308566 40.676 148.7561
2.325295 40.713 147.4318
2.342145 40.749 146.1004
2.359117 40.783 144.7619
2.376212 40.816 143.4163
2.393431 40.848 142.0636
2.410775 40.878 140.7039
2.428244 40.907 139.3372
2.445840 40.935 137.9636
2.463564 40.961 136.5829
2.481416 40.985 135.1954
2.499397 41.008 133.8008
2.517509 41.030 132.3993
2.535752 41.050 130.9908
2.554127 41.068 129.5754
2.572635 41.085 128.1530
2.591277 41.100 126.7236
2.610055 41.114 125.2872
2.628968 41.126 123.8439
2.648019 41.136 122.3937
2.667208 41.145 120.9367
2.686535 41.151 119.4728
2.706003 41.156 118.0022
2.725612 41.159 116.5250
2.745363 41.160 115.0412
2.765257 41.159 113.5510
2.785295 41.157 112.0546
2.805478 41.152 110.5519
2.825808 41.145 109.0433
2.846285 41.137 107.5290
2.866910 41.126 106.0089
2.887685 41.113 104.4834
2.908611 41.098 102.9526
2.929688 41.081 101.4169
2.950917 41.061 99.8763
2.972301 41.040 98.3312
2.993839 41.016 96.7818
3.015534 40.989 95.2285
3.037386 40.961 93.6714
3.059396 40.930 92.1112
3.081565 40.896 90.5480
3.103896 40.860 88.9823
3.126388 40.821 87.4147
3.149043 40.780 85.8455
3.171862 40.736 84.2753
3.194847 40.689 82.7048
3.217998 40.640 81.1345
3.241317 40.588 79.5650
3.264805 40.533 77.9972
3.288463 40.475 76.4318
3.312293 40.414 74.8696
3.336295 40.350 73.3115
3.360471 40.283 71.7585
3.384822 40.213 70.2115
3.409350 40.139 68.6718
3.434056 40.063 67.1406
3.458940 39.983 65.6190
3.484005 39.899 64.1086
3.509252 39.813 62.6108
3.534681 39.722 61.1274
3.560295 39.629 59.6599
3.586094 39.531 58.2105
3.612081 39.431 56.7811
3.638255 39.326 55.3740
3.664620 39.218 53.9915
3.691175 39.106 52.6363
3.717923 38.991 51.3112
3.744864 38.872 50.0191
3.772001 38.750 48.7634
3.799335 38.624 47.5477
3.826866 38.495 46.3756
3.854597 38.362 45.2514
3.882529 38.227 44.1794
3.910664 38.089 43.1645
3.939002 37.949 42.2117
3.967546 37.807 41.3265
3.996296 37.664 40.5149
4.025255 37.520 39.7829
4.054423 37.377 39.1372
4.083804 37.234 38.5847
4.113396 37.095 38.1323
4.143204 36.959 37.7875
4.173227 36.829 37.5576
4.203468 36.706 37.4497
4.233928 36.593 37.4706
4.264609 36.492 37.6266
4.295512 36.405 37.9229
4.326639 36.335 38.3630
4.357992 36.284 38.9489
4.389572 36.254 39.6800
4.421380 36.248 40.5527
4.453419 36.267 41.5602
4.485691 36.311 42.6917
4.518196 36.382 43.9326
4.550936 36.479 45.2646
4.583914 36.600 46.6660
4.617131 36.745 48.1124
4.650589 36.911 49.5777
4.684289 37.096 51.0354
4.718233 37.297 52.4598
4.752424 37.513 53.8270
4.786862 37.741 55.1158
4.821549 37.978 56.3088
4.856488 38.222 57.3921
4.891680 38.472 58.3558
4.927127 38.726 59.1938
4.962831 38.982 59.9032
4.998794 39.239 60.4838
5.035017 39.497 60.9379
5.071503 39.754 61.2695
5.108253 40.009 61.4840
5.145270 40.262 61.5876
5.182555 40.513 61.5872
5.220110 40.761 61.4900
5.257937 41.006 61.3032
5.296038 41.248 61.0341
5.334415 41.486 60.6895
5.373071 41.720 60.2763
5.412006 41.950 59.8009
5.451224 42.176 59.2693
5.490725 42.398 58.6873
5.530514 42.616 58.0603
5.570590 42.830 57.3932
5.610957 43.041 56.6908
5.651616 43.247 55.9573
5.692570 43.449 55.1968
5.733821 43.647 54.4130
5.775370 43.842 53.6094
5.817221 44.033 52.7892
5.859375 44.220 51.9554
5.901834 44.403 51.1108
5.944602 44.584 50.2579
5.987679 44.760 49.3991
6.031068 44.934 48.5366
6.074771 45.104 47.6724
6.118792 45.271 46.8084
6.163131 45.435 45.9464
6.207792 45.597 45.0880
6.252776 45.756 44.2346
6.298086 45.912 43.3877
6.343725 46.066 42.5485
6.389694 46.217 41.7181
6.435996 46.367 40.8975
6.482634 46.514 40.0877
6.529610 46.660 39.2896
6.576926 46.804 38.5038
6.624585 46.946 37.7309
6.672590 47.087 36.9716
6.720942 47.226 36.2261
6.769645 47.365 35.4949
6.818700 47.502 34.7783
6.868111 47.639 34.0762
6.917881 47.775 33.3888
6.968010 47.910 32.7161
7.018504 48.045 32.0577
7.069362 48.179 31.4135
7.120590 48.313 30.7832
7.172189 48.447 30.1662
7.224161 48.580 29.5620
7.276511 48.713 28.9701
7.329239 48.846 28.3895
7.382350 48.979 27.8197
7.435845 49.112 27.2596
7.489729 49.245 26.7085
7.544002 49.377 26.1652
7.598669 49.510 25.6288
7.653732 49.642 25.0981
7.709194 49.773 24.5721
7.765058 49.904 24.0497
7.821327 50.035 23.5298
7.878004 50.165 23.0114
7.935091 50.294 22.4932
7.992592 50.422 21.9744
8.050510 50.549 21.4540
8.108847 50.675 20.9313
8.167607 50.799 20.4052
8.226793 50.922 19.8752
8.286408 51.044 19.3407
8.346454 51.163 18.8012
8.406936 51.280 18.2565
8.467856 51.396 17.7061
8.529218 51.509 17.1502
8.591024 51.620 16.5888
8.653278 51.728 16.0221
8.715983 51.834 15.4503
8.779143 51.937 14.8741
8.842760 52.037 14.2942
8.906839 52.135 13.7111
8.971381 52.230 13.1257
9.036392 52.323 12.5392
9.101873 52.412 11.9525
9.167829 52.500 11.3668
9.234263 52.584 10.7834
9.301178 52.667 10.2037
9.368578 52.747 9.6289
9.436467 52.825 9.0604
9.504847 52.902 8.4996
9.573723 52.976 7.9478
9.643099 53.050 7.4063
9.712976 53.123 6.8763
9.783361 53.194 6.3590
9.854255 53.266 5.8553
9.925663 53.338 5.3661
9.997588 53.410 4.8921
10.070035 53.483 4.4336
10.143007 53.557 3.9910
10.216507 53.633 3.5643
10.290540 53.710 3.1534
10.365109 53.790 2.7576
10.440219 53.872 2.3763
10.515873 53.957 2.0085
10.592076 54.044 1.6532
10.668830 54.135 1.3087
10.746141 54.229 0.9735
10.824012 54.326 0.6459
10.902447 54.426 0.3240
10.981451 54.529 0.0059
11.061027 54.636 -0.3104
11.141180 54.745 -0.6268
11.221913 54.857 -0.9452
11.303232 54.971 -1.2672
11.385140 55.087 -1.5946
11.467641 55.205 -1.9286
11.550741 55.325 -2.2706
11.634442 55.447 -2.6213
11.718750 55.569 -2.9814
11.803669 55.693 -3.3515
11.889203 55.817 -3.7316
11.975357 55.942 -4.1217
12.062136 56.067 -4.5216
12.149543 56.193 -4.9307
12.237583 56.318 -5.3483
12.326262 56.444 -5.7737
12.415583 56.571 -6.2062
12.505552 56.697 -6.6447
12.596172 56.823 -7.0884
12.687449 56.950 -7.5364
12.779387 57.077 -7.9879
12.871992 57.204 -8.4422
12.965268 57.331 -8.8987
13.059220 57.458 -9.3568
13.153852 57.586 -9.8164
13.249170 57.714 -10.2772
13.345179 57.842 -10.7394
13.441884 57.970 -11.2030
13.539289 58.098 -11.6684
13.637401 58.226 -12.1360
13.736223 58.354 -12.6062
13.835761 58.481 -13.0797
13.936021 58.609 -13.5571
14.037007 58.735 -14.0390
14.138725 58.861 -14.5259
14.241180 58.985 -15.0182
14.344377 59.109 -15.5165
14.448323 59.231 -16.0210
14.553021 59.352 -16.5319
14.658478 59.471 -17.0491
14.764700 59.588 -17.5726
14.871691 59.704 -18.1021
14.979457 59.818 -18.6370
15.088005 59.930 -19.1771
15.197339 60.040 -19.7217
15.307465 60.148 -20.2701
15.418389 60.255 -20.8215
15.530117 60.359 -21.3754
15.642655 60.463 -21.9308
15.756008 60.565 -22.4872
15.870182 60.665 -23.0439
15.985184 60.765 -23.6006
16.101019 60.864 -24.1566
16.217694 60.962 -24.7118
16.335214 61.060 -25.2660
16.453586 61.157 -25.8192
16.572815 61.254 -26.3716
16.692909 61.351 -26.9232
16.813872 61.449 -27.4747
16.935713 61.546 -28.0264
17.058436 61.644 -28.5789
17.182048 61.743 -29.1328
17.306556 61.842 -29.6887
17.431967 61.941 -30.2473
17.558286 62.041 -30.8091
17.685521 62.142 -31.3748
17.813677 62.244 -31.9449
17.942762 62.346 -32.5198
18.072783 62.448 -33.0999
18.203746 62.552 -33.6853
18.335658 62.656 -34.2762
18.468526 62.760 -34.8726
18.602356 62.865 -35.4742
18.737156 62.970 -36.0808
18.872934 63.076 -36.6920
19.009695 63.183 -37.3073
19.147447 63.290 -37.9259
19.286197 63.397 -38.5472
19.425953 63.505 -39.1705
19.566721 63.613 -39.7948
19.708510 63.721 -40.4192
19.851326 63.830 -41.0427
19.995177 63.939 -41.6643
20.140070 64.049 -42.2830
20.286013 64.159 -42.8978
20.433014 64.269 -43.5078
20.581080 64.380 -44.1121
20.730219 64.491 -44.7097
20.880439 64.602 -45.2999
21.031747 64.713 -45.8820
21.184152 64.824 -46.4551
21.337661 64.936 -47.0190
21.492282 65.047 -47.5730
21.648024 65.157 -48.1167
21.804895 65.268 -48.6500
21.962902 65.378 -49.1725
22.122054 65.488 -49.6841
22.282360 65.596 -50.1848
22.443827 65.705 -50.6747
22.606464 65.812 -51.1538
22.770280 65.918 -51.6223
22.935283 66.023 -52.0804
23.101481 66.126 -52.5284
23.268884 66.228 -52.9667
23.437500 66.329 -53.3958
23.607338 66.428 -53.8158
23.778406 66.525 -54.2275
23.950714 66.621 -54.6315
24.124271 66.715 -55.0283
24.299086 66.807 -55.4187
24.475167 66.898 -55.8034
24.652524 66.986 -56.1832
24.831166 67.073 -56.5588
25.011103 67.157 -56.9315
25.192344 67.240 -57.3019
25.374898 67.321 -57.6710
25.558775 67.401 -58.0402
25.743984 67.478 -58.4102
25.930536 67.554 -58.7822
26.118439 67.629 -59.1575
26.307704 67.701 -59.5370
26.498341 67.773 -59.9218
26.690359 67.843 -60.3132
26.883768 67.911 -60.7120
27.078579 67.979 -61.1193
27.274801 68.045 -61.5361
27.472446 68.110 -61.9631
27.671522 68.175 -62.4012
27.872042 68.238 -62.8510
28.074014 68.301 -63.3129
28.277450 68.364 -63.7875
28.482360 68.426 -64.2750
28.688755 68.488 -64.7758
28.896645 68.550 -65.2896
29.106042 68.612 -65.8166
29.316957 68.674 -66.3565
29.529400 68.736 -66.9091
29.743382 68.798 -67.4739
29.958915 68.862 -68.0505
30.176009 68.926 -68.6382
30.394677 68.990 -69.2365
30.614929 69.056 -69.8445
30.836778 69.122 -70.4615
31.060234 69.190 -71.0867
31.285309 69.258 -71.7192
31.512015 69.327 -72.3580
31.740364 69.397 -73.0021
31.970368 69.469 -73.6507
32.202039 69.541 -74.3027
32.435388 69.614 -74.9573
32.670428 69.688 -75.6133
32.907171 69.762 -76.2700
33.145630 69.837 -76.9265
33.385817 69.913 -77.5818
33.627745 69.989 -78.2352
33.871425 70.065 -78.8860
34.116871 70.142 -79.5335
34.364096 70.218 -80.1771
34.613113 70.295 -80.8160
34.863934 70.372 -81.4501
35.116572 70.448 -82.0786
35.371041 70.524 -82.7011
35.627354 70.600 -83.3174
35.885525 70.675 -83.9271
36.145566 70.750 -84.5300
36.407492 70.824 -85.1259
36.671316 70.897 -85.7145
36.937051 70.970 -86.2959
37.204712 71.042 -86.8699
37.474313 71.113 -87.4365
37.745867 71.183 -87.9957
38.019389 71.253 -88.5477
38.294893 71.322 -89.0927
38.572394 71.389 -89.6307
38.851905 71.456 -90.1620
39.133442 71.521 -90.6870
39.417019 71.586 -91.2059
39.702651 71.649 -91.7192
39.990353 71.712 -92.2272
40.280140 71.773 -92.7303
40.572026 71.833 -93.2292
40.866028 71.892 -93.7243
41.162160 71.949 -94.2161
41.460438 72.005 -94.7053
41.760877 72.060 -95.1926
42.063494 72.114 -95.6785
42.368303 72.166 -96.1637
42.675322 72.217 -96.6490
42.984565 72.267 -97.1351
43.296048 72.315 -97.6226
43.609789 72.363 -98.1124
43.925804 72.409 -98.6051
44.244108 72.455 -99.1014
44.564719 72.499 -99.6021
44.887654 72.542 -100.1074
45.212928 72.585 -100.6180
45.540560 72.627 -101.1345
45.870565 72.668 -101.6571
46.202962 72.709 -102.1860
46.537768 72.750 -102.7213
46.875000 72.790 -103.2631
47.214676 72.830 -103.8110
47.556813 72.870 -104.3651
47.901429 72.909 -104.9248
48.248542 72.949 -105.4896
48.598171 72.989 -106.0590
48.950334 73.029 -106.6320
49.305048 73.069 -107.2081
49.662333 73.109 -107.7862
50.022206 73.149 -108.3655
50.384688 73.190 -108.9449
50.749796 73.231 -109.5237
51.117550 73.272 -110.1007
51.487969 73.313 -110.6750
51.861072 73.353 -111.2460
52.236879 73.394 -111.8126
52.615409 73.435 -112.3744
52.996681 73.476 -112.9305
53.380717 73.516 -113.4807
53.767536 73.556 -114.0245
54.157158 73.595 -114.5616
54.549603 73.634 -115.0920
54.944892 73.672 -115.6158
55.343045 73.710 -116.1329
55.744084 73.747 -116.6437
56.148028 73.783 -117.1486
56.554900 73.819 -117.6478
56.964720 73.853 -118.1420
57.377510 73.887 -118.6318
57.793291 73.920 -119.1177
58.212085 73.952 -119.6005
58.633914 73.983 -120.0807
59.058799 74.014 -120.5591
59.486764 74.044 -121.0363
59.917829 74.073 -121.5129
60.352019 74.101 -121.9896
60.789354 74.129 -122.4667
61.229859 74.157 -122.9448
61.673556 74.184 -123.4242
62.120468 74.211 -123.9052
62.570618 74.237 -124.3878
63.024031 74.263 -124.8724
63.480729 74.289 -125.3587
63.940736 74.315 -125.8468
64.404077 74.341 -126.3363
64.870776 74.367 -126.8271
65.340856 74.393 -127.3188
65.814343 74.419 -127.8111
66.291261 74.445 -128.3035
66.771635 74.471 -128.7954
67.255489 74.498 -129.2866
67.742850 74.524 -129.7766
68.233743 74.550 -130.2649
68.728193 74.576 -130.7512
69.226226 74.602 -131.2352
69.727867 74.628 -131.7166
70.233144 74.653 -132.1952
70.742083 74.679 -132.6710
71.254709 74.704 -133.1439
71.771050 74.728 -133.6139
72.291132 74.752 -134.0812
72.814984 74.776 -134.5458
73.342631 74.800 -135.0081
73.874102 74.822 -135.4681
74.409424 74.845 -135.9264
74.948626 74.867 -136.3830
75.491734 74.888 -136.8383
76.038779 74.909 -137.2924
76.589787 74.929 -137.7457
77.144788 74.949 -138.1983
77.703811 74.969 -138.6504
78.266885 74.988 -139.1021
78.834039 75.006 -139.5535
79.405303 75.025 -140.0045
79.980706 75.043 -140.4552
80.560280 75.061 -140.9055
81.144053 75.078 -141.3552
81.732056 75.095 -141.8044
82.324320 75.112 -142.2527
82.920876 75.129 -142.7001
83.521755 75.145 -143.1464
84.126988 75.161 -143.5915
84.736607 75.177 -144.0352
85.350643 75.193 -144.4774
85.969129 75.209 -144.9180
86.592097 75.224 -145.3570
87.219579 75.239 -145.7943
87.851608 75.253 -146.2299
88.488217 75.268 -146.6639
89.129439 75.282 -147.0962
89.775308 75.295 -147.5269
90.425856 75.309 -147.9561
91.081119 75.322 -148.3837
91.741131 75.335 -148.8099
92.405925 75.347 -149.2347
93.075536 75.359 -149.6582
93.750000 75.371 -150.0803
94.429351 75.382 -150.5011
95.113625 75.393 -150.9205
95.802858 75.404 -151.3384
96.497085 75.415 -151.7548
97.196342 75.425 -152.1697
97.900667 75.435 -152.5829
98.610096 75.444 -152.9942
99.324665 75.454 -153.4037
100.044413 75.463 -153.8112
100.769376 75.471 -154.2166
101.499592 75.480 -154.6215
102.235100 75.488 -155.0258
102.975938 75.496 -155.4293
103.722144 75.504 -155.8319
104.473757 75.511 -156.2336
105.230817 75.518 -156.6342
105.993363 75.525 -157.0337
106.761435 75.532 -157.4319
107.535072 75.539 -157.8289
108.314315 75.545 -158.2244
109.099206 75.551 -158.6184
109.889783 75.557 -159.0110
110.686090 75.562 -159.4019
111.488167 75.568 -159.7910
112.296056 75.573 -160.1783
113.109800 75.578 -160.5637
113.929440 75.584 -160.9469
114.755020 75.589 -161.3280
115.586582 75.594 -161.7068
116.424170 75.599 -162.0833
117.267827 75.603 -162.4572
118.117598 75.608 -162.8285
118.973527 75.613 -163.1971
119.835658 75.618 -163.5632
120.704037 75.624 -163.9265
121.578708 75.629 -164.2872
122.459718 75.634 -164.6453
123.347111 75.640 -165.0009
124.240935 75.645 -165.3540
125.141236 75.651 -165.7050
126.048061 75.658 -166.0539
126.961458 75.664 -166.4009
127.881473 75.671 -166.7463
128.808154 75.678 -167.0904
129.741551 75.686 -167.4333
130.681712 75.694 -167.7753
131.628686 75.702 -168.1168
132.582521 75.712 -168.4580
133.543269 75.721 -168.7993
134.510979 75.731 -169.1409
135.485701 75.742 -169.4832
136.467486 75.753 -169.8265
137.456386 75.765 -170.1713
138.452451 75.778 -170.5178
139.455735 75.791 -170.8664
140.466288 75.805 -171.2176
141.484165 75.819 -171.5717
142.509418 75.834 -171.9291
143.542100 75.850 -172.2902
144.582265 75.866 -172.6553
145.629968 75.883 -173.0249
146.685262 75.900 -173.3993
147.748204 75.917 -173.7788
148.818849 75.935 -174.1639
149.897251 75.953 -174.5547
150.983469 75.971 -174.9517
152.077557 75.989 -175.3551
153.179574 76.007 -175.7650
154.289576 76.025 -176.1818
155.407622 76.043 -176.6055
156.533770 76.061 -177.0363
157.668078 76.078 -177.4741
158.810606 76.094 -177.9193
159.961413 76.111 -178.3715
161.120559 76.126 -178.8308
162.288105 76.141 -179.2970
163.464112 76.155 -179.7699
164.648640 76.168 179.7507
165.841752 76.181 179.2650
167.043510 76.192 178.7734
168.253976 76.202 178.2764
169.473213 76.212 177.7742
170.701286 76.220 177.2672
171.938258 76.227 176.7560
173.184194 76.233 176.2410
174.439158 76.237 175.7228
175.703216 76.241 175.2017
176.976434 76.243 174.6782
178.258878 76.244 174.1530
179.550615 76.244 173.6265
180.851713 76.243 173.0989
182.162239 76.240 172.5708
183.482262 76.237 172.0426
184.811850 76.232 171.5145
186.151073 76.226 170.9868
187.500000 76.219 170.4598
188.858702 76.210 169.9338
190.227250 76.201 169.4089
191.605715 76.191 168.8853
192.994169 76.179 168.3632
194.392685 76.167 167.8427
195.801334 76.154 167.3240
197.220191 76.140 166.8072
198.649330 76.126 166.2924
200.088825 76.110 165.7798
201.538751 76.094 165.2693
202.999184 76.077 164.7611
204.470200 76.059 164.2551
205.951875 76.041 163.7515
207.444287 76.022 163.2502
208.947514 76.003 162.7512
210.461634 75.983 162.2543
211.986726 75.963 161.7596
213.522869 75.942 161.2670
215.070144 75.920 160.7764
216.628631 75.899 160.2875
218.198411 75.877 159.8003
219.779567 75.854 159.3146
221.372180 75.831 158.8304
222.976334 75.808 158.3475
224.592112 75.784 157.8657
226.219600 75.760 157.3850
227.858880 75.736 156.9054
229.510039 75.711 156.4267
231.173164 75.686 155.9489
232.848340 75.661 155.4719
234.535655 75.636 154.9958
236.235197 75.610 154.5204
237.947054 75.584 154.0458
239.671317 75.558 153.5718
241.408074 75.532 153.0985
243.157416 75.505 152.6256
244.919435 75.478 152.1530
246.694223 75.451 151.6807
248.481871 75.424 151.2082
250.282473 75.396 150.7355
252.096123 75.368 150.2624
253.922915 75.340 149.7886
255.762945 75.312 149.3138
257.616309 75.284 148.8379
259.483103 75.255 148.3606
261.363424 75.226 147.8817
263.257372 75.197 147.4011
265.165043 75.167 146.9187
267.086538 75.137 146.4343
269.021957 75.107 145.9478
270.971401 75.076 145.4592
272.934972 75.045 144.9684
274.912771 75.013 144.4753
276.904902 74.981 143.9799
278.911469 74.948 143.4822
280.932577 74.915 142.9822
282.968330 74.881 142.4799
285.018835 74.847 141.9753
287.084199 74.811 141.4686
289.164530 74.775 140.9596
291.259935 74.738 140.4486
293.370525 74.700 139.9355
295.496408 74.661 139.4206
297.637697 74.621 138.9038
299.794503 74.581 138.3854
301.966937 74.539 137.8654
304.155114 74.496 137.3439
306.359147 74.452 136.8214
308.579152 74.406 136.2980
310.815244 74.360 135.7740
313.067539 74.312 135.2501
315.336156 74.262 134.7268
317.621211 74.212 134.2048
319.922826 74.160 133.6848
322.241118 74.106 133.1679
324.576210 74.051 132.6550
326.928223 73.995 132.1470
329.297280 73.937 131.6453
331.683504 73.878 131.1508
334.087019 73.817 130.6644
336.507952 73.756 130.1873
338.946427 73.694 129.7199
341.402572 73.630 129.2631
343.876516 73.567 128.8170
346.368387 73.503 128.3819
348.878315 73.438 127.9575
351.406431 73.374 127.5432
353.952867 73.311 127.1382
356.517756 73.248 126.7416
359.101230 73.186 126.3516
361.703426 73.126 125.9666
364.324478 73.067 125.5846
366.964523 73.010 125.2034
369.623699 72.954 124.8205
372.302145 72.901 124.4337
375.000000 72.850 124.0402
377.717405 72.801 123.6379
380.454501 72.754 123.2243
383.211431 72.708 122.7974
385.988339 72.665 122.3552
388.785369 72.623 121.8961
391.602668 72.582 121.4188
394.440383 72.542 120.9221
397.298660 72.502 120.4052
400.177650 72.463 119.8673
403.077502 72.424 119.3082
405.998368 72.384 118.7274
408.940400 72.344 118.1246
411.903750 72.303 117.4999
414.888575 72.261 116.8531
417.895028 72.217 116.1844
420.923268 72.172 115.4937
423.973452 72.125 114.7811
427.045738 72.075 114.0471
430.140287 72.024 113.2917
433.257261 71.969 112.5156
436.396822 71.912 111.7191
439.559133 71.851 110.9029
442.744360 71.787 110.0676
445.952668 71.719 109.2142
449.184225 71.647 108.3435
452.439199 71.571 107.4565
455.717760 71.490 106.5545
459.020079 71.405 105.6385
462.346327 71.315 104.7098
465.696680 71.220 103.7698
469.071310 71.119 102.8194
472.470394 71.013 101.8600
475.894109 70.902 100.8928
479.342634 70.785 99.9188
482.816148 70.662 98.9395
486.314833 70.533 97.9561
489.838871 70.398 96.9698
493.388445 70.256 95.9823
496.963741 70.107 94.9954
500.564945 69.952 94.0107
504.192245 69.789 93.0308
507.845830 69.619 92.0580
511.525890 69.441 91.0950
515.232618 69.254 90.1450
518.966206 69.060 89.2115
522.726849 68.857 88.2983
526.514743 68.645 87.4095
530.330086 68.424 86.5497
534.173076 68.194 85.7235
538.043915 67.955 84.9363
541.942803 67.707 84.1934
545.869944 67.450 83.5003
549.825542 67.183 82.8631
553.809805 66.907 82.2877
557.822939 66.621 81.7804
561.865154 66.327 81.3474
565.936660 66.024 80.9949
570.037671 65.713 80.7292
574.168399 65.393 80.5566
578.329060 65.065 80.4833
582.519870 64.730 80.5150
586.741049 64.387 80.6578
590.992817 64.038 80.9175
595.275394 63.683 81.2996
599.589005 63.323 81.8096
603.933874 62.959 82.4531
608.310228 62.590 83.2355
612.718295 62.220 84.1620
617.158304 61.848 85.2377
621.630488 61.476 86.4669
626.135079 61.105 87.8531
630.672311 60.737 89.3986
635.242423 60.374 91.1033
639.845651 60.019 92.9648
644.482237 59.673 94.9775
649.152421 59.338 97.1320
653.856447 59.019 99.4150
658.594560 58.718 101.8092
663.367008 58.437 104.2936
668.174039 58.180 106.8441
673.015903 57.950 109.4343
677.892854 57.747 112.0368
682.805145 57.575 114.6245
687.753032 57.433 117.1716
692.736774 57.321 119.6551
697.756631 57.238 122.0551
702.812863 57.181 124.3559
707.905735 57.149 126.5461
713.035511 57.139 128.6183
718.202461 57.146 130.5690
723.406852 57.169 132.3980
728.648956 57.203 134.1078
733.929047 57.247 135.7032
739.247399 57.298 137.1907
744.604290 57.354 138.5780
750.000000 57.413 139.8735
755.434809 57.473 141.0859
760.909001 57.534 142.2243
766.422861 57.595 143.2972
771.976677 57.654 144.3128
777.570739 57.712 145.2789
783.205337 57.769 146.2025
788.880766 57.823 147.0897
794.597321 57.876 147.9459
800.355301 57.928 148.7755
806.155005 57.978 149.5823
811.996736 58.028 150.3691
817.880799 58.077 151.1381
823.807501 58.126 151.8908
829.777150 58.174 152.6284
835.790057 58.223 153.3514
841.846536 58.273 154.0600
847.946903 58.322 154.7540
854.091476 58.373 155.4330
860.280575 58.423 156.0963
866.514523 58.474 156.7432
872.793644 58.525 157.3729
879.118267 58.576 157.9850
885.488720 58.627 158.5791
891.905336 58.678 159.1550
898.368450 58.728 159.7131
904.878398 58.776 160.2543
911.435520 58.824 160.7793
918.040157 58.871 161.2898
924.692655 58.917 161.7871
931.393359 58.962 162.2729
938.142619 59.006 162.7489
944.940787 59.049 163.2161
951.788218 59.092 163.6754
958.685268 59.135 164.1275
965.632296 59.178 164.5724
972.629666 59.221 165.0098
979.677741 59.265 165.4390
986.776890 59.308 165.8594
993.927482 59.352 166.2702
1001.129891 59.395 166.6710
1008.384491 59.438 167.0616
1015.691660 59.481 167.4423
1023.051781 59.523 167.8136
1030.465236 59.564 168.1766
1037.932411 59.604 168.5327
1045.453698 59.643 168.8833
1053.029486 59.682 169.2300
1060.660172 59.719 169.5741
1068.346153 59.756 169.9168
1076.087829 59.793 170.2592
1083.885605 59.829 170.6019
1091.739887 59.865 170.9452
1099.651084 59.902 171.2892
1107.619609 59.938 171.6337
1115.645878 59.976 171.9782
1123.730308 60.014 172.3223
1131.873321 60.052 172.6652
1140.075341 60.092 173.0061
1148.336797 60.132 173.3443
1156.658119 60.174 173.6788
1165.039741 60.216 174.0090
1173.482099 60.259 174.3342
1181.985634 60.304 174.6535
1190.550789 60.349 174.9666
1199.178011 60.395 175.2727
1207.867749 60.443 175.5717
1216.620457 60.491 175.8631
1225.436590 60.540 176.1465
1234.316609 60.590 176.4217
1243.260976 60.641 176.6882
1252.270157 60.693 176.9456
1261.344623 60.746 177.1934
1270.484846 60.800 177.4312
1279.691303 60.855 177.6583
1288.964474 60.911 177.8746
1298.304842 60.968 178.0795
1307.712894 61.026 178.2729
1317.189120 61.085 178.4544
1326.734016 61.145 178.6241
1336.348077 61.207 178.7820
1346.031806 61.269 178.9282
1355.785708 61.331 179.0627
1365.610290 61.395 179.1858
1375.506065 61.458 179.2974
1385.473549 61.523 179.3975
1395.513261 61.587 179.4860
1405.625726 61.652 179.5624
1415.811469 61.717 179.6263
1426.071023 61.781 179.6770
1436.404921 61.846 179.7137
1446.813703 61.911 179.7353
1457.297912 61.975 179.7408
1467.858093 62.040 179.7291
1478.494798 62.104 179.6990
1489.208581 62.167 179.6496
1500.000000 62.231 179.5800
1510.869618 62.293 179.4894
1521.818002 62.354 179.3774
1532.845723 62.414 179.2435
1543.953355 62.473 179.0878
1555.141477 62.531 178.9103
1566.410674 62.586 178.7115
1577.761531 62.640 178.4918
1589.194642 62.692 178.2521
1600.710601 62.741 177.9933
1612.310010 62.787 177.7166
1623.993473 62.831 177.4233
1635.761599 62.872 177.1151
1647.615002 62.910 176.7938
1659.554299 62.945 176.4612
1671.580114 62.977 176.1195
1683.693072 63.006 175.7708
1695.893807 63.032 175.4172
1708.182952 63.054 175.0612
1720.561150 63.074 174.7045
1733.029045 63.091 174.3493
1745.587288 63.105 173.9972
1758.236533 63.116 173.6497
1770.977440 63.126 173.3079
1783.810673 63.134 172.9727
1796.736900 63.140 172.6445
1809.756796 63.145 172.3230
1822.871040 63.150 172.0077
1836.080315 63.154 171.6973
1849.385310 63.158 171.3901
1862.786718 63.163 171.0837
1876.285239 63.168 170.7754
1889.881575 63.174 170.4620
1903.576436 63.180 170.1404
1917.370535 63.188 169.8068
1931.264593 63.196 169.4578
1945.259332 63.204 169.0903
1959.355483 63.213 168.7012
1973.553781 63.221 168.2879
1987.854965 63.228 167.8481
2002.259781 63.234 167.3801
2016.768981 63.237 166.8831
2031.383320 63.237 166.3563
2046.103561 63.234 165.8001
2060.930471 63.226 165.2155
2075.864823 63.213 164.6039
2090.907395 63.194 163.9678
2106.058972 63.168 163.3103
2121.320344 63.136 162.6353
2136.692305 63.095 161.9470
2152.175658 63.046 161.2507
2167.771210 62.989 160.5521
2183.479774 62.922 159.8574
2199.302169 62.847 159.1732
2215.239219 62.762 158.5065
2231.291755 62.667 157.8646
2247.460615 62.563 157.2544
2263.746641 62.451 156.6831
2280.150683 62.329 156.1570
2296.673595 62.200 155.6820
2313.316238 62.063 155.2628
2330.079481 61.920 154.9028
2346.964198 61.771 154.6041
2363.971268 61.618 154.3670
2381.101578 61.462 154.1904
2398.356022 61.303 154.0715
2415.735498 61.143 154.0066
2433.240913 60.982 153.9910
2450.873180 60.821 154.0201
2468.633217 60.660 154.0896
2486.521951 60.499 154.1963
2504.540314 60.339 154.3389
2522.689246 60.178 154.5183
2540.969692 60.016 154.7380
2559.382606 59.853 155.0042
2577.928947 59.687 155.3257
2596.609683 59.519 155.7142
2615.425787 59.347 156.1827
2634.378241 59.173 156.7458
2653.468031 58.996 157.4177
2672.696154 58.818 158.2118
2692.063613 58.641 159.1384
2711.571415 58.468 160.2040
2731.220579 58.300 161.4093
2751.012130 58.142 162.7487
2770.947098 57.997 164.2093
2791.026522 57.868 165.7717
2811.251451 57.759 167.4108
2831.622938 57.671 169.0975
2852.142045 57.607 170.8011
2872.809842 57.566 172.4919
2893.627406 57.549 174.1431
2914.595823 57.553 175.7323
2935.716186 57.576 177.2423
2956.989596 57.617 178.6617
2978.417161 57.671 179.9837
3000.000000 57.738 -178.7941
3021.739237 57.814 -177.6709
3043.636005 57.896 -176.6438
3065.691446 57.984 -175.7084
3087.906710 58.076 -174.8598
3110.282955 58.170 -174.0928
3132.821347 58.264 -173.4024
3155.523062 58.360 -172.7840
3178.389283 58.454 -172.2334
3201.421202 58.548 -171.7466
3224.620020 58.640 -171.3203
3247.986946 58.729 -170.9511
3271.523198 58.816 -170.6358
3295.230004 58.899 -170.3713
3319.108599 58.979 -170.1545
3343.160228 59.054 -169.9818
3367.386145 59.124 -169.8496
3391.787613 59.189 -169.7540
3416.365904 59.249 -169.6906
3441.122300 59.302 -169.6545
3466.058091 59.349 -169.6407
3491.174576 59.388 -169.6434
3516.473066 59.421 -169.6569
3541.954880 59.447 -169.6745
3567.621345 59.464 -169.6899
3593.473800 59.474 -169.6963
3619.513592 59.477 -169.6865
3645.742080 59.472 -169.6534
3672.160630 59.459 -169.5895
3698.770620 59.439 -169.4868
3725.573436 59.412 -169.3374
3752.570477 59.378 -169.1328
3779.763150 59.339 -168.8640
3807.152872 59.294 -168.5220
3834.741071 59.245 -168.0974
3862.529185 59.192 -167.5809
3890.518664 59.137 -166.9637
3918.710966 59.080 -166.2379
3947.107561 59.023 -165.3971
3975.709929 58.968 -164.4376
4004.519563 58.915 -163.3589
4033.537962 58.866 -162.1653
4062.766641 58.820 -160.8655
4092.207123 58.779 -159.4737
4121.860942 58.742 -158.0090
4151.729646 58.706 -156.4941
4181.814790 58.670 -154.9540
4212.117944 58.631 -153.4128
4242.640687 58.583 -151.8926
4273.384610 58.523 -150.4098
4304.351317 58.446 -148.9745
4335.542421 58.348 -147.5897
4366.959549 58.223 -146.2514
4398.604338 58.069 -144.9509
4430.478438 57.882 -143.6760
4462.583511 57.660 -142.4139
4494.921231 57.402 -141.1533
4527.493283 57.107 -139.8856
4560.301365 56.775 -138.6066
4593.347189 56.406 -137.3159
4626.632476 56.002 -136.0174
4660.158962 55.563 -134.7177
4693.928395 55.091 -133.4250
4727.942535 54.588 -132.1482
4762.203156 54.054 -130.8955
4796.712043 53.493 -129.6739
4831.470996 52.904 -128.4886
4866.481826 52.290 -127.3436
4901.746360 51.653 -126.2412
4937.266434 50.993 -125.1825
4973.043902 50.314 -124.1680
5009.080628 49.615 -123.1971
5045.378492 48.899 -122.2692
5081.939384 48.167 -121.3827
5118.765212 47.420 -120.5364
5155.857894 46.661 -119.7285
5193.219366 45.891 -118.9573
5230.851574 45.111 -118.2210
5268.756481 44.323 -117.5181
5306.936062 43.529 -116.8468
5345.392309 42.732 -116.2057
5384.127225 41.934 -115.5938
5423.142830 41.137 -115.0101
5462.441159 40.346 -114.4545
5502.024259 39.562 -113.9278
5541.894195 38.791 -113.4317
5582.053045 38.036 -112.9695
5622.502902 37.301 -112.5464
5663.245876 36.592 -112.1695
5704.284090 35.911 -111.8478
5745.619684 35.264 -111.5923
5787.254813 34.652 -111.4158
5829.191647 34.079 -111.3326
5871.432373 33.544 -111.3580
5913.979192 33.049 -111.5089
5956.834323 32.592 -111.8032
6000.000000 32.170 -112.2608
6043.478473 31.781 -112.9048
6087.272010 31.422 -113.7624
6131.382892 31.089 -114.8679
6175.813420 30.780 -116.2649
6220.565910 30.491 -118.0107
6265.642695 30.219 -120.1814
6311.046124 29.963 -122.8774
6356.778566 29.720 -126.2327
6402.842404 29.488 -130.4225
6449.240040 29.265 -135.6699
6495.973891 29.050 -142.2361
6543.046396 28.842 -150.3705
6590.460007 28.639 -160.1786
6638.217197 28.441 -171.4036
6686.320456 28.248 176.7268
6734.772290 28.058 165.3135
6783.575226 27.873 155.2932
6832.731809 27.692 147.1019
6882.244600 27.515 140.7303
6932.116181 27.344 135.9452
6982.349153 27.179 132.4573
7032.946133 27.018 129.9985
7083.909760 26.864 128.3439
7135.242690 26.714 127.3129
7186.947600 26.570 126.7650
7239.027185 26.431 126.5963
7291.484160 26.296 126.7352
7344.321260 26.166 127.1393
7397.541239 26.041 127.7897
7451.146872 25.919 128.6829
7505.140954 25.801 129.8199
7559.526299 25.685 131.1928
7614.305743 25.571 132.7720
7669.482141 25.458 134.4996
7725.058371 25.345 136.2914
7781.037328 25.231 138.0469
7837.421932 25.115 139.6653
7894.215122 24.997 141.0585
7951.419859 24.877 142.1584
8009.039125 24.754 142.9169
8067.075924 24.630 143.2996
8125.533282 24.504 143.2776
8184.414245 24.376 142.8188
8243.721885 24.248 141.8802
8303.459292 24.121 140.4038
8363.629581 23.994 138.3168
8424.235888 23.869 135.5386
8485.281374 23.746 131.9987
8546.769221 23.627 127.6675
8608.702634 23.512 122.5973
8671.084842 23.402 116.9642
8733.919097 23.297 111.0844
8797.208675 23.196 105.3864
8860.956876 23.101 100.3505
8925.167022 23.010 96.4667
8989.842461 22.923 94.2773
9054.986566 22.838 94.5763
9120.602731 22.755 98.9218
9186.694378 22.673 110.8220
9253.264952 22.592 136.1730
9320.317925 22.510 169.7393
9387.856790 22.427 -167.5999
9455.885071 22.343 -155.9099
9524.406312 22.257 -149.5540
9593.424086 22.169 -145.7114
9662.941992 22.078 -143.1715
9732.963653 21.984 -141.3852
9803.492719 21.888 -140.0841
9874.532869 21.789 -139.1253
9946.087805 21.687 -138.4238
10018.161257 21.585 -137.9214
10090.756983 21.482 -137.5724
10163.878768 21.380 -137.3373
10237.530423 21.279 -137.1804
10311.715789 21.183 -137.0686
10386.438732 21.090 -136.9720
10461.703149 21.002 -136.8635
10537.512962 20.919 -136.7183
10613.872125 20.841 -136.5125
10690.784618 20.768 -136.2201
10768.254450 20.698 -135.8094
10846.285661 20.630 -135.2379
10924.882318 20.564 -134.4460
11004.048518 20.499 -133.3483
11083.788390 20.433 -131.8254
11164.106090 20.366 -129.7147
11245.005805 20.295 -126.8088
11326.491752 20.220 -122.8754
11408.568180 20.139 -117.7247
11491.239368 20.050 -111.3485
11574.509626 19.952 -104.0922
11658.383294 19.844 -96.6931
11742.864745 19.725 -90.0248
11827.958384 19.594 -84.7111
11913.668646 19.451 -80.9524
12000.000000 19.296 -78.6274
12086.956947 19.128 -77.4744
12174.544019 18.949 -77.2166
12262.765784 18.757 -77.6183
12351.626840 18.552 -78.4984
12441.131819 18.335 -79.7264
12531.285389 18.103 -81.2123
12622.092249 17.857 -82.8953
12713.557132 17.594 -84.7341
12805.684808 17.315 -86.6978
12898.480079 17.017 -88.7573
12991.947783 16.700 -90.8777
13086.092792 16.363 -93.0085
13180.920015 16.006 -95.0728
13276.434395 15.628 -96.9522
13372.640911 15.229 -98.4689
13469.544580 14.808 -99.3593
13567.150452 14.368 -99.2409
13665.463617 13.906 -97.5745
13764.489200 13.425 -93.6559
13864.232362 12.924 -86.7659
13964.698305 12.405 -76.7365
14065.892266 11.867 -64.8359
14167.819519 11.311 -53.5704
14270.485380 10.738 -44.8246
14373.895200 10.147 -38.9006
14478.054370 9.539 -35.2065
14582.968320 8.914 -32.9994
14688.642520 8.273 -31.6411
14795.082478 7.615 -30.6042
14902.293745 6.941 -29.4149
15010.281908 6.251 -27.6001
15119.052599 5.545 -24.6762
15228.611486 4.824 -20.2316
15338.964283 4.088 -14.1641
15450.116741 3.337 -6.9952
15562.074656 2.571 0.1354
15674.843864 1.792 6.0663
15788.430244 0.998 10.2288
15902.839718 0.191 12.6766
16018.078250 -0.628 13.7655
16134.151848 -1.461 13.8920
16251.066563 -2.305 13.3843
16368.828491 -3.161 12.4814
16487.443769 -4.029 11.3450
16606.918584 -4.908 10.0782
16727.259161 -5.797 8.7432
16848.471777 -6.696 7.3740
16970.562748 -7.605 5.9877
17093.538442 -8.523 4.5923
17217.405268 -9.449 3.1928
17342.169684 -10.383 1.7957
17467.838194 -11.324 0.4117
17594.417350 -12.269 -0.9432
17721.913751 -13.216 -2.2487
17850.334044 -14.160 -3.4816
17979.684923 -15.093 -4.6185
18109.973131 -16.006 -5.6387
18241.205462 -16.881 -6.5262
18373.388756 -17.697 -7.2720
18506.529905 -18.427 -7.8743
18640.635849 -19.045 -8.3390
18775.713581 -19.531 -8.6788
18911.770141 -19.882 -8.9119
19048.812624 -20.110 -9.0598
19186.848172 -20.244 -9.1450
19325.883983 -20.312 -9.1886
19465.927305 -20.341 -9.2076
19606.985439 -20.352 -9.2144
19749.065738 -20.355 -9.2162
19892.175609 -20.355 -9.2166
20036.322514 -20.355 -9.2166
