* Measurement data measured by REW V5.31.3
* Source: Microphone (Realtek High Definition Audio), no input selected, R, volume: no control
* Format: 64k Log Swept Sine, 4 sweeps at 12.0- dBFS with no timing reference
* Dated: 26/03/2025 09:53:40 „
* REW Settings:
*  C-weighting compensation: Off
*  Target level: 75.0 dB
* Note: 
* Measurement: RO
* Smoothing: Psychoacoustic
* Frequency Step: 96 ppo
* Start Frequency: 0.36621094 Hz
*
* Freq(Hz) SPL(dB) Phase(degrees)
0.366211 28.458 -88.5231
0.368865 28.485 -88.5855
0.371538 28.513 -88.6515
0.374230 28.542 -88.7211
0.376942 28.573 -88.7943
0.379673 28.605 -88.8711
0.382424 28.638 -88.9514
0.385196 28.673 -89.0353
0.387987 28.709 -89.1226
0.390798 28.746 -89.2133
0.393630 28.784 -89.3073
0.396483 28.824 -89.4044
0.399356 28.865 -89.5048
0.402250 28.906 -89.6081
0.405165 28.949 -89.7143
0.408101 28.992 -89.8234
0.411058 29.037 -89.9352
0.414037 29.082 -90.0496
0.417037 29.128 -90.1665
0.420059 29.175 -90.2859
0.423103 29.223 -90.4075
0.426169 29.271 -90.5314
0.429257 29.320 -90.6574
0.432368 29.370 -90.7855
0.435501 29.420 -90.9155
0.438656 29.471 -91.0474
0.441835 29.522 -91.1812
0.445037 29.574 -91.3167
0.448262 29.627 -91.4539
0.451510 29.680 -91.5927
0.454782 29.734 -91.7331
0.458077 29.788 -91.8750
0.461397 29.843 -92.0183
0.464740 29.898 -92.1631
0.468108 29.953 -92.3093
0.471500 30.009 -92.4568
0.474917 30.066 -92.6056
0.478358 30.123 -92.7556
0.481825 30.180 -92.9069
0.485316 30.238 -93.0594
0.488833 30.297 -93.2130
0.492375 30.355 -93.3678
0.495943 30.415 -93.5238
0.499537 30.474 -93.6808
0.503157 30.535 -93.8389
0.506803 30.595 -93.9980
0.510475 30.656 -94.1582
0.514175 30.718 -94.3195
0.517900 30.780 -94.4817
0.521653 30.842 -94.6449
0.525434 30.905 -94.8092
0.529241 30.968 -94.9744
0.533076 31.032 -95.1405
0.536939 31.096 -95.3077
0.540830 31.161 -95.4758
0.544749 31.226 -95.6449
0.548696 31.292 -95.8149
0.552673 31.358 -95.9859
0.556677 31.424 -96.1578
0.560711 31.491 -96.3308
0.564774 31.558 -96.5046
0.568867 31.626 -96.6795
0.572989 31.694 -96.8554
0.577141 31.762 -97.0322
0.581324 31.831 -97.2100
0.585536 31.900 -97.3889
0.589779 31.969 -97.5688
0.594053 32.039 -97.7497
0.598358 32.109 -97.9317
0.602694 32.180 -98.1148
0.607061 32.251 -98.2990
0.611460 32.322 -98.4843
0.615891 32.393 -98.6708
0.620354 32.464 -98.8584
0.624849 32.536 -99.0472
0.629377 32.608 -99.2373
0.633938 32.680 -99.4286
0.638532 32.752 -99.6211
0.643159 32.824 -99.8150
0.647819 32.896 -100.0102
0.652514 32.968 -100.2067
0.657242 33.040 -100.4047
0.662005 33.112 -100.6040
0.666802 33.185 -100.8048
0.671634 33.256 -101.0071
0.676501 33.328 -101.2108
0.681403 33.400 -101.4161
0.686341 33.471 -101.6228
0.691314 33.542 -101.8312
0.696324 33.613 -102.0411
0.701370 33.684 -102.2526
0.706452 33.754 -102.4657
0.711571 33.824 -102.6804
0.716728 33.893 -102.8967
0.721921 33.962 -103.1146
0.727153 34.031 -103.3342
0.732422 34.099 -103.5554
0.737729 34.167 -103.7782
0.743075 34.234 -104.0026
0.748460 34.301 -104.2287
0.753883 34.368 -104.4563
0.759346 34.434 -104.6855
0.764849 34.499 -104.9163
0.770391 34.564 -105.1486
0.775974 34.629 -105.3824
0.781597 34.693 -105.6178
0.787261 34.757 -105.8546
0.792966 34.821 -106.0929
0.798712 34.884 -106.3327
0.804500 34.946 -106.5739
0.810329 35.009 -106.8165
0.816201 35.071 -107.0605
0.822116 35.132 -107.3058
0.828073 35.193 -107.5525
0.834074 35.254 -107.8006
0.840118 35.315 -108.0500
0.846206 35.375 -108.3007
0.852338 35.435 -108.5527
0.858514 35.495 -108.8061
0.864735 35.554 -109.0607
0.871001 35.613 -109.3167
0.877313 35.672 -109.5740
0.883670 35.731 -109.8327
0.890074 35.789 -110.0927
0.896524 35.847 -110.3541
0.903020 35.906 -110.6169
0.909564 35.963 -110.8811
0.916155 36.021 -111.1468
0.922794 36.078 -111.4140
0.929481 36.136 -111.6828
0.936216 36.193 -111.9531
0.943000 36.250 -112.2251
0.949834 36.307 -112.4989
0.956717 36.363 -112.7743
0.963649 36.420 -113.0517
0.970632 36.476 -113.3309
0.977666 36.532 -113.6121
0.984750 36.588 -113.8953
0.991886 36.644 -114.1807
0.999074 36.700 -114.4683
1.006314 36.756 -114.7581
1.013606 36.811 -115.0504
1.020951 36.866 -115.3451
1.028349 36.922 -115.6424
1.035801 36.977 -115.9423
1.043307 37.031 -116.2450
1.050867 37.086 -116.5504
1.058482 37.141 -116.8588
1.066152 37.195 -117.1701
1.073878 37.249 -117.4845
1.081660 37.303 -117.8020
1.089498 37.357 -118.1227
1.097393 37.410 -118.4467
1.105345 37.463 -118.7740
1.113355 37.517 -119.1047
1.121423 37.569 -119.4388
1.129549 37.622 -119.7763
1.137734 37.674 -120.1173
1.145979 37.726 -120.4618
1.154283 37.778 -120.8099
1.162647 37.829 -121.1614
1.171072 37.880 -121.5165
1.179558 37.931 -121.8751
1.188106 37.981 -122.2373
1.196715 38.031 -122.6029
1.205387 38.081 -122.9720
1.214122 38.130 -123.3446
1.222920 38.179 -123.7206
1.231782 38.228 -124.1000
1.240708 38.276 -124.4828
1.249699 38.323 -124.8689
1.258754 38.371 -125.2583
1.267876 38.418 -125.6509
1.277063 38.464 -126.0468
1.286318 38.510 -126.4459
1.295639 38.556 -126.8482
1.305027 38.601 -127.2537
1.314484 38.645 -127.6623
1.324009 38.690 -128.0741
1.333604 38.733 -128.4889
1.343268 38.776 -128.9070
1.353002 38.819 -129.3281
1.362806 38.861 -129.7524
1.372681 38.903 -130.1799
1.382628 38.944 -130.6105
1.392647 38.984 -131.0444
1.402739 39.024 -131.4816
1.412904 39.063 -131.9220
1.423142 39.102 -132.3658
1.433455 39.140 -132.8130
1.443843 39.178 -133.2636
1.454305 39.214 -133.7176
1.464844 39.251 -134.1753
1.475459 39.286 -134.6364
1.486150 39.321 -135.1013
1.496920 39.355 -135.5698
1.507767 39.388 -136.0420
1.518693 39.421 -136.5181
1.529698 39.453 -136.9979
1.540783 39.484 -137.4817
1.551948 39.514 -137.9693
1.563194 39.544 -138.4609
1.574521 39.573 -138.9565
1.585931 39.601 -139.4561
1.597423 39.628 -139.9598
1.608999 39.654 -140.4677
1.620658 39.679 -140.9796
1.632402 39.703 -141.4958
1.644232 39.726 -142.0162
1.656146 39.749 -142.5410
1.668147 39.770 -143.0701
1.680235 39.790 -143.6036
1.692411 39.809 -144.1416
1.704675 39.828 -144.6842
1.717028 39.845 -145.2315
1.729470 39.861 -145.7835
1.742003 39.876 -146.3403
1.754626 39.889 -146.9020
1.767341 39.902 -147.4687
1.780147 39.913 -148.0406
1.793047 39.923 -148.6177
1.806040 39.932 -149.2000
1.819128 39.940 -149.7878
1.832310 39.946 -150.3810
1.845587 39.951 -150.9798
1.858961 39.954 -151.5842
1.872432 39.956 -152.1944
1.886001 39.957 -152.8102
1.899667 39.956 -153.4319
1.913433 39.954 -154.0594
1.927299 39.950 -154.6927
1.941265 39.945 -155.3318
1.955332 39.938 -155.9769
1.969501 39.929 -156.6277
1.983773 39.919 -157.2844
1.998148 39.907 -157.9468
2.012627 39.893 -158.6151
2.027212 39.878 -159.2890
2.041902 39.860 -159.9686
2.056698 39.841 -160.6539
2.071602 39.820 -161.3448
2.086614 39.797 -162.0413
2.101734 39.772 -162.7433
2.116964 39.745 -163.4508
2.132304 39.716 -164.1639
2.147756 39.685 -164.8824
2.163320 39.651 -165.6064
2.178996 39.616 -166.3359
2.194786 39.578 -167.0708
2.210690 39.538 -167.8112
2.226710 39.495 -168.5570
2.242845 39.450 -169.3082
2.259098 39.403 -170.0648
2.275468 39.353 -170.8268
2.291957 39.301 -171.5941
2.308566 39.246 -172.3667
2.325295 39.188 -173.1446
2.342145 39.128 -173.9276
2.359117 39.065 -174.7157
2.376212 38.999 -175.5089
2.393431 38.930 -176.3070
2.410775 38.858 -177.1099
2.428244 38.783 -177.9176
2.445840 38.705 -178.7298
2.463564 38.623 -179.5466
2.481416 38.539 179.6323
2.499397 38.451 178.8070
2.517509 38.360 177.9776
2.535752 38.265 177.1443
2.554127 38.167 176.3071
2.572635 38.065 175.4664
2.591277 37.959 174.6223
2.610055 37.849 173.7748
2.628968 37.736 172.9244
2.648019 37.619 172.0712
2.667208 37.497 171.2154
2.686535 37.372 170.3574
2.706003 37.242 169.4974
2.725612 37.108 168.6359
2.745363 36.969 167.7733
2.765257 36.826 166.9100
2.785295 36.678 166.0466
2.805478 36.525 165.1837
2.825808 36.368 164.3220
2.846285 36.206 163.4622
2.866910 36.038 162.6053
2.887685 35.866 161.7522
2.908611 35.689 160.9040
2.929688 35.507 160.0621
2.950917 35.319 159.2280
2.972301 35.127 158.4034
2.993839 34.929 157.5903
3.015534 34.727 156.7912
3.037386 34.519 156.0087
3.059396 34.307 155.2463
3.081565 34.090 154.5079
3.103896 33.868 153.7983
3.126388 33.642 153.1236
3.149043 33.413 152.4908
3.171862 33.179 151.9091
3.194847 32.943 151.3900
3.217998 32.704 150.9481
3.241317 32.463 150.6025
3.264805 32.221 150.3785
3.288463 31.979 150.3105
3.312293 31.738 150.4457
3.336295 31.498 150.8516
3.360471 31.262 151.6271
3.384822 31.031 152.9222
3.409350 30.806 154.9745
3.434056 30.590 158.1755
3.458940 30.384 163.1976
3.484005 30.191 171.2102
3.509252 30.012 -175.9330
3.534681 29.849 -156.6085
3.560295 29.704 -133.4133
3.586094 29.579 -113.5618
3.612081 29.475 -100.1983
3.638255 29.392 -91.8623
3.664620 29.330 -86.6513
3.691175 29.290 -83.3408
3.717923 29.270 -81.2253
3.744864 29.269 -79.8948
3.772001 29.286 -79.1014
3.799335 29.319 -78.6885
3.826866 29.366 -78.5530
3.854597 29.426 -78.6244
3.882529 29.496 -78.8528
3.910664 29.575 -79.2019
3.939002 29.663 -79.6442
3.967546 29.757 -80.1584
3.996296 29.857 -80.7275
4.025255 29.962 -81.3374
4.054423 30.072 -81.9759
4.083804 30.188 -82.6323
4.113396 30.308 -83.2964
4.143204 30.435 -83.9583
4.173227 30.567 -84.6078
4.203468 30.707 -85.2339
4.233928 30.854 -85.8245
4.264609 31.010 -86.3651
4.295512 31.176 -86.8382
4.326639 31.351 -87.2220
4.357992 31.538 -87.4879
4.389572 31.735 -87.5980
4.421380 31.945 -87.4996
4.453419 32.166 -87.1175
4.485691 32.398 -86.3400
4.518196 32.642 -84.9942
4.550936 32.896 -82.7996
4.583914 33.160 -79.2783
4.617131 33.433 -73.5766
4.650589 33.714 -64.1546
4.684289 34.002 -48.6204
4.718233 34.296 -25.8112
4.752424 34.594 -1.4480
4.786862 34.897 16.6115
4.821549 35.202 27.7899
4.856488 35.509 34.5343
4.891680 35.818 38.6865
4.927127 36.127 41.2879
4.962831 36.435 42.9156
4.998794 36.743 43.9024
5.035017 37.050 44.4504
5.071503 37.355 44.6876
5.108253 37.658 44.6994
5.145270 37.959 44.5443
5.182555 38.258 44.2641
5.220110 38.554 43.8892
5.257937 38.848 43.4425
5.296038 39.138 42.9417
5.334415 39.426 42.4007
5.373071 39.712 41.8303
5.412006 39.994 41.2397
5.451224 40.274 40.6362
5.490725 40.552 40.0260
5.530514 40.827 39.4143
5.570590 41.100 38.8057
5.610957 41.372 38.2038
5.651616 41.641 37.6120
5.692570 41.908 37.0332
5.733821 42.174 36.4697
5.775370 42.438 35.9235
5.817221 42.701 35.3965
5.859375 42.963 34.8899
5.901834 43.224 34.4048
5.944602 43.484 33.9419
5.987679 43.743 33.5018
6.031068 44.002 33.0844
6.074771 44.260 32.6896
6.118792 44.517 32.3168
6.163131 44.773 31.9653
6.207792 45.029 31.6340
6.252776 45.284 31.3213
6.298086 45.538 31.0257
6.343725 45.791 30.7450
6.389694 46.043 30.4772
6.435996 46.294 30.2198
6.482634 46.543 29.9701
6.529610 46.791 29.7255
6.576926 47.037 29.4830
6.624585 47.281 29.2398
6.672590 47.523 28.9929
6.720942 47.762 28.7394
6.769645 47.998 28.4766
6.818700 48.232 28.2017
6.868111 48.462 27.9123
6.917881 48.689 27.6060
6.968010 48.912 27.2807
7.018504 49.131 26.9348
7.069362 49.346 26.5665
7.120590 49.557 26.1747
7.172189 49.763 25.7585
7.224161 49.964 25.3173
7.276511 50.160 24.8507
7.329239 50.351 24.3588
7.382350 50.537 23.8419
7.435845 50.717 23.3005
7.489729 50.891 22.7355
7.544002 51.060 22.1481
7.598669 51.223 21.5395
7.653732 51.380 20.9113
7.709194 51.530 20.2654
7.765058 51.675 19.6038
7.821327 51.813 18.9284
7.878004 51.945 18.2418
7.935091 52.071 17.5463
7.992592 52.191 16.8446
8.050510 52.304 16.1392
8.108847 52.412 15.4332
8.167607 52.513 14.7292
8.226793 52.609 14.0303
8.286408 52.699 13.3396
8.346454 52.783 12.6599
8.406936 52.863 11.9946
8.467856 52.937 11.3465
8.529218 53.007 10.7187
8.591024 53.072 10.1142
8.653278 53.134 9.5360
8.715983 53.193 8.9867
8.779143 53.248 8.4690
8.842760 53.302 7.9853
8.906839 53.354 7.5378
8.971381 53.405 7.1282
9.036392 53.455 6.7582
9.101873 53.506 6.4287
9.167829 53.559 6.1404
9.234263 53.613 5.8934
9.301178 53.669 5.6871
9.368578 53.729 5.5206
9.436467 53.792 5.3920
9.504847 53.860 5.2990
9.573723 53.932 5.2386
9.643099 54.009 5.2069
9.712976 54.091 5.1999
9.783361 54.179 5.2127
9.854255 54.271 5.2400
9.925663 54.368 5.2763
9.997588 54.470 5.3159
10.070035 54.577 5.3528
10.143007 54.687 5.3813
10.216507 54.800 5.3958
10.290540 54.916 5.3909
10.365109 55.033 5.3618
10.440219 55.152 5.3043
10.515873 55.272 5.2144
10.592076 55.391 5.0893
10.668830 55.509 4.9265
10.746141 55.626 4.7242
10.824012 55.741 4.4816
10.902447 55.853 4.1983
10.981451 55.962 3.8747
11.061027 56.067 3.5115
11.141180 56.169 3.1103
11.221913 56.266 2.6729
11.303232 56.359 2.2016
11.385140 56.446 1.6992
11.467641 56.529 1.1687
11.550741 56.607 0.6131
11.634442 56.680 0.0361
11.718750 56.747 -0.5590
11.803669 56.810 -1.1684
11.889203 56.868 -1.7885
11.975357 56.921 -2.4156
12.062136 56.970 -3.0462
12.149543 57.014 -3.6766
12.237583 57.055 -4.3036
12.326262 57.093 -4.9241
12.415583 57.128 -5.5350
12.505552 57.161 -6.1339
12.596172 57.193 -6.7184
12.687449 57.223 -7.2867
12.779387 57.253 -7.8374
12.871992 57.284 -8.3695
12.965268 57.316 -8.8826
13.059220 57.349 -9.3768
13.153852 57.385 -9.8526
13.249170 57.423 -10.3112
13.345179 57.465 -10.7545
13.441884 57.511 -11.1844
13.539289 57.562 -11.6038
13.637401 57.616 -12.0156
13.736223 57.676 -12.4232
13.835761 57.739 -12.8300
13.936021 57.808 -13.2399
14.037007 57.880 -13.6565
14.138725 57.957 -14.0834
14.241180 58.037 -14.5239
14.344377 58.121 -14.9812
14.448323 58.206 -15.4580
14.553021 58.294 -15.9567
14.658478 58.384 -16.4791
14.764700 58.475 -17.0264
14.871691 58.566 -17.5995
14.979457 58.657 -18.1986
15.088005 58.748 -18.8236
15.197339 58.838 -19.4737
15.307465 58.927 -20.1478
15.418389 59.015 -20.8444
15.530117 59.101 -21.5617
15.642655 59.186 -22.2975
15.756008 59.269 -23.0495
15.870182 59.351 -23.8154
15.985184 59.431 -24.5925
16.101019 59.510 -25.3785
16.217694 59.588 -26.1706
16.335214 59.665 -26.9665
16.453586 59.741 -27.7639
16.572815 59.818 -28.5607
16.692909 59.894 -29.3549
16.813872 59.972 -30.1448
16.935713 60.050 -30.9289
17.058436 60.129 -31.7061
17.182048 60.210 -32.4756
17.306556 60.293 -33.2366
17.431967 60.378 -33.9887
17.558286 60.466 -34.7321
17.685521 60.556 -35.4666
17.813677 60.649 -36.1928
17.942762 60.745 -36.9111
18.072783 60.844 -37.6222
18.203746 60.945 -38.3268
18.335658 61.049 -39.0258
18.468526 61.156 -39.7201
18.602356 61.265 -40.4103
18.737156 61.376 -41.0974
18.872934 61.490 -41.7819
19.009695 61.605 -42.4645
19.147447 61.721 -43.1456
19.286197 61.839 -43.8255
19.425953 61.958 -44.5044
19.566721 62.077 -45.1822
19.708510 62.197 -45.8588
19.851326 62.317 -46.5339
19.995177 62.436 -47.2070
20.140070 62.556 -47.8775
20.286013 62.675 -48.5448
20.433014 62.794 -49.2082
20.581080 62.912 -49.8666
20.730219 63.029 -50.5194
20.880439 63.146 -51.1654
21.031747 63.261 -51.8039
21.184152 63.375 -52.4339
21.337661 63.488 -53.0544
21.492282 63.600 -53.6647
21.648024 63.711 -54.2639
21.804895 63.820 -54.8513
21.962902 63.928 -55.4264
22.122054 64.035 -55.9885
22.282360 64.141 -56.5374
22.443827 64.245 -57.0726
22.606464 64.348 -57.5941
22.770280 64.450 -58.1019
22.935283 64.550 -58.5959
23.101481 64.649 -59.0763
23.268884 64.747 -59.5436
23.437500 64.843 -59.9981
23.607338 64.939 -60.4403
23.778406 65.032 -60.8709
23.950714 65.125 -61.2906
24.124271 65.216 -61.7003
24.299086 65.305 -62.1007
24.475167 65.393 -62.4930
24.652524 65.480 -62.8781
24.831166 65.566 -63.2572
25.011103 65.650 -63.6315
25.192344 65.732 -64.0023
25.374898 65.813 -64.3708
25.558775 65.893 -64.7383
25.743984 65.971 -65.1062
25.930536 66.047 -65.4760
26.118439 66.122 -65.8488
26.307704 66.196 -66.2262
26.498341 66.268 -66.6093
26.690359 66.338 -66.9995
26.883768 66.407 -67.3978
27.078579 66.474 -67.8055
27.274801 66.539 -68.2236
27.472446 66.603 -68.6529
27.671522 66.665 -69.0942
27.872042 66.726 -69.5482
28.074014 66.785 -70.0156
28.277450 66.842 -70.4966
28.482360 66.898 -70.9916
28.688755 66.952 -71.5007
28.896645 67.005 -72.0239
29.106042 67.057 -72.5611
29.316957 67.107 -73.1121
29.529400 67.157 -73.6765
29.743382 67.205 -74.2538
29.958915 67.252 -74.8434
30.176009 67.299 -75.4446
30.394677 67.344 -76.0566
30.614929 67.390 -76.6786
30.836778 67.435 -77.3097
31.060234 67.479 -77.9488
31.285309 67.524 -78.5949
31.512015 67.569 -79.2469
31.740364 67.614 -79.9038
31.970368 67.659 -80.5645
32.202039 67.705 -81.2277
32.435388 67.751 -81.8925
32.670428 67.798 -82.5576
32.907171 67.845 -83.2221
33.145630 67.893 -83.8847
33.385817 67.942 -84.5444
33.627745 67.992 -85.2003
33.871425 68.043 -85.8514
34.116871 68.094 -86.4967
34.364096 68.147 -87.1353
34.613113 68.200 -87.7664
34.863934 68.253 -88.3893
35.116572 68.308 -89.0033
35.371041 68.363 -89.6076
35.627354 68.418 -90.2019
35.885525 68.474 -90.7857
36.145566 68.531 -91.3584
36.407492 68.587 -91.9199
36.671316 68.644 -92.4700
36.937051 68.701 -93.0084
37.204712 68.758 -93.5351
37.474313 68.814 -94.0501
37.745867 68.871 -94.5536
38.019389 68.927 -95.0457
38.294893 68.983 -95.5266
38.572394 69.038 -95.9966
38.851905 69.092 -96.4561
39.133442 69.146 -96.9056
39.417019 69.199 -97.3454
39.702651 69.252 -97.7761
39.990353 69.303 -98.1984
40.280140 69.353 -98.6128
40.572026 69.403 -99.0200
40.866028 69.451 -99.4207
41.162160 69.498 -99.8157
41.460438 69.545 -100.2058
41.760877 69.590 -100.5919
42.063494 69.634 -100.9747
42.368303 69.678 -101.3553
42.675322 69.720 -101.7344
42.984565 69.762 -102.1131
43.296048 69.803 -102.4923
43.609789 69.844 -102.8728
43.925804 69.884 -103.2556
44.244108 69.924 -103.6415
44.564719 69.963 -104.0313
44.887654 70.002 -104.4260
45.212928 70.042 -104.8260
45.540560 70.081 -105.2321
45.870565 70.121 -105.6448
46.202962 70.161 -106.0645
46.537768 70.202 -106.4916
46.875000 70.243 -106.9261
47.214676 70.285 -107.3682
47.556813 70.328 -107.8178
47.901429 70.372 -108.2747
48.248542 70.416 -108.7385
48.598171 70.462 -109.2088
48.950334 70.508 -109.6851
49.305048 70.555 -110.1667
49.662333 70.603 -110.6529
50.022206 70.651 -111.1428
50.384688 70.700 -111.6358
50.749796 70.750 -112.1309
51.117550 70.800 -112.6272
51.487969 70.850 -113.1241
51.861072 70.900 -113.6208
52.236879 70.950 -114.1165
52.615409 70.999 -114.6106
52.996681 71.048 -115.1027
53.380717 71.097 -115.5923
53.767536 71.145 -116.0791
54.157158 71.192 -116.5628
54.549603 71.237 -117.0435
54.944892 71.282 -117.5210
55.343045 71.325 -117.9956
55.744084 71.367 -118.4674
56.148028 71.408 -118.9368
56.554900 71.447 -119.4041
56.964720 71.485 -119.8698
57.377510 71.522 -120.3344
57.793291 71.557 -120.7984
58.212085 71.591 -121.2624
58.633914 71.623 -121.7269
59.058799 71.654 -122.1925
59.486764 71.684 -122.6597
59.917829 71.713 -123.1290
60.352019 71.742 -123.6008
60.789354 71.769 -124.0754
61.229859 71.796 -124.5532
61.673556 71.822 -125.0342
62.120468 71.847 -125.5187
62.570618 71.872 -126.0064
63.024031 71.897 -126.4974
63.480729 71.922 -126.9912
63.940736 71.947 -127.4878
64.404077 71.971 -127.9865
64.870776 71.996 -128.4870
65.340856 72.020 -128.9887
65.814343 72.044 -129.4910
66.291261 72.069 -129.9934
66.771635 72.093 -130.4952
67.255489 72.118 -130.9960
67.742850 72.142 -131.4951
68.233743 72.166 -131.9921
68.728193 72.191 -132.4866
69.226226 72.214 -132.9782
69.727867 72.238 -133.4666
70.233144 72.261 -133.9517
70.742083 72.284 -134.4334
71.254709 72.306 -134.9117
71.771050 72.328 -135.3866
72.291132 72.349 -135.8584
72.814984 72.370 -136.3271
73.342631 72.390 -136.7931
73.874102 72.409 -137.2567
74.409424 72.428 -137.7182
74.948626 72.446 -138.1778
75.491734 72.463 -138.6361
76.038779 72.479 -139.0931
76.589787 72.495 -139.5493
77.144788 72.511 -140.0049
77.703811 72.526 -140.4600
78.266885 72.540 -140.9148
78.834039 72.554 -141.3694
79.405303 72.567 -141.8239
79.980706 72.580 -142.2783
80.560280 72.593 -142.7324
81.144053 72.605 -143.1862
81.732056 72.617 -143.6396
82.324320 72.628 -144.0923
82.920876 72.639 -144.5443
83.521755 72.650 -144.9954
84.126988 72.661 -145.4453
84.736607 72.671 -145.8939
85.350643 72.681 -146.3410
85.969129 72.690 -146.7865
86.592097 72.700 -147.2303
87.219579 72.708 -147.6723
87.851608 72.717 -148.1124
88.488217 72.725 -148.5505
89.129439 72.732 -148.9867
89.775308 72.739 -149.4209
90.425856 72.746 -149.8531
91.081119 72.751 -150.2834
91.741131 72.757 -150.7117
92.405925 72.762 -151.1381
93.075536 72.766 -151.5624
93.750000 72.770 -151.9848
94.429351 72.773 -152.4052
95.113625 72.776 -152.8234
95.802858 72.779 -153.2395
96.497085 72.780 -153.6533
97.196342 72.782 -154.0648
97.900667 72.782 -154.4737
98.610096 72.783 -154.8801
99.324665 72.782 -155.2836
100.044413 72.781 -155.6843
100.769376 72.780 -156.0820
101.499592 72.778 -156.4781
102.235100 72.776 -156.8726
102.975938 72.773 -157.2652
103.722144 72.770 -157.6556
104.473757 72.766 -158.0439
105.230817 72.762 -158.4297
105.993363 72.757 -158.8129
106.761435 72.751 -159.1933
107.535072 72.746 -159.5708
108.314315 72.739 -159.9451
109.099206 72.733 -160.3163
109.889783 72.725 -160.6840
110.686090 72.718 -161.0481
111.488167 72.710 -161.4085
112.296056 72.702 -161.7650
113.109800 72.693 -162.1175
113.929440 72.684 -162.4657
114.755020 72.675 -162.8097
115.586582 72.666 -163.1492
116.424170 72.656 -163.4842
117.267827 72.646 -163.8146
118.117598 72.637 -164.1403
118.973527 72.627 -164.4615
119.835658 72.617 -164.7779
120.704037 72.607 -165.0899
121.578708 72.597 -165.3974
122.459718 72.587 -165.7005
123.347111 72.577 -165.9994
124.240935 72.568 -166.2944
125.141236 72.559 -166.5855
126.048061 72.549 -166.8731
126.961458 72.541 -167.1573
127.881473 72.532 -167.4384
128.808154 72.524 -167.7166
129.741551 72.516 -167.9921
130.681712 72.509 -168.2653
131.628686 72.501 -168.5362
132.582521 72.495 -168.8052
133.543269 72.488 -169.0726
134.510979 72.483 -169.3384
135.485701 72.477 -169.6031
136.467486 72.472 -169.8668
137.456386 72.468 -170.1298
138.452451 72.464 -170.3923
139.455735 72.460 -170.6547
140.466288 72.456 -170.9171
141.484165 72.453 -171.1799
142.509418 72.451 -171.4432
143.542100 72.449 -171.7074
144.582265 72.447 -171.9726
145.629968 72.445 -172.2392
146.685262 72.444 -172.5072
147.748204 72.443 -172.7770
148.818849 72.442 -173.0487
149.897251 72.442 -173.3226
150.983469 72.441 -173.5988
152.077557 72.441 -173.8776
153.179574 72.441 -174.1592
154.289576 72.441 -174.4436
155.407622 72.442 -174.7311
156.533770 72.442 -175.0219
157.668078 72.442 -175.3161
158.810606 72.442 -175.6137
159.961413 72.442 -175.9149
161.120559 72.442 -176.2197
162.288105 72.442 -176.5282
163.464112 72.442 -176.8404
164.648640 72.441 -177.1563
165.841752 72.440 -177.4759
167.043510 72.439 -177.7991
168.253976 72.437 -178.1259
169.473213 72.435 -178.4561
170.701286 72.433 -178.7897
171.938258 72.430 -179.1266
173.184194 72.426 -179.4666
174.439158 72.422 -179.8097
175.703216 72.417 179.8444
176.976434 72.412 179.4958
178.258878 72.406 179.1447
179.550615 72.399 178.7913
180.851713 72.392 178.4356
182.162239 72.384 178.0778
183.482262 72.375 177.7181
184.811850 72.365 177.3565
186.151073 72.354 176.9932
187.500000 72.343 176.6282
188.858702 72.331 176.2617
190.227250 72.317 175.8938
191.605715 72.303 175.5246
192.994169 72.288 175.1542
194.392685 72.272 174.7827
195.801334 72.254 174.4104
197.220191 72.236 174.0374
198.649330 72.217 173.6639
200.088825 72.196 173.2902
201.538751 72.175 172.9164
202.999184 72.152 172.5429
204.470200 72.128 172.1700
205.951875 72.103 171.7982
207.444287 72.077 171.4276
208.947514 72.050 171.0588
210.461634 72.021 170.6921
211.986726 71.991 170.3280
213.522869 71.961 169.9669
215.070144 71.929 169.6092
216.628631 71.896 169.2554
218.198411 71.861 168.9058
219.779567 71.826 168.5609
221.372180 71.789 168.2209
222.976334 71.752 167.8863
224.592112 71.713 167.5573
226.219600 71.673 167.2342
227.858880 71.633 166.9173
229.510039 71.591 166.6068
231.173164 71.549 166.3030
232.848340 71.505 166.0060
234.535655 71.461 165.7160
236.235197 71.416 165.4331
237.947054 71.370 165.1575
239.671317 71.323 164.8893
241.408074 71.276 164.6287
243.157416 71.228 164.3756
244.919435 71.179 164.1304
246.694223 71.130 163.8929
248.481871 71.080 163.6634
250.282473 71.029 163.4419
252.096123 70.978 163.2286
253.922915 70.927 163.0234
255.762945 70.875 162.8266
257.616309 70.823 162.6381
259.483103 70.770 162.4581
261.363424 70.717 162.2866
263.257372 70.664 162.1237
265.165043 70.611 161.9694
267.086538 70.558 161.8237
269.021957 70.505 161.6867
270.971401 70.451 161.5584
272.934972 70.398 161.4388
274.912771 70.345 161.3278
276.904902 70.292 161.2254
278.911469 70.239 161.1316
280.932577 70.186 161.0463
282.968330 70.134 160.9695
285.018835 70.082 160.9011
287.084199 70.031 160.8409
289.164530 69.979 160.7889
291.259935 69.929 160.7451
293.370525 69.879 160.7093
295.496408 69.830 160.6813
297.637697 69.781 160.6612
299.794503 69.733 160.6487
301.966937 69.686 160.6436
304.155114 69.640 160.6458
306.359147 69.594 160.6551
308.579152 69.550 160.6712
310.815244 69.506 160.6939
313.067539 69.463 160.7228
315.336156 69.421 160.7578
317.621211 69.380 160.7985
319.922826 69.341 160.8445
322.241118 69.302 160.8957
324.576210 69.264 160.9516
326.928223 69.228 161.0120
329.297280 69.193 161.0765
331.683504 69.159 161.1448
334.087019 69.127 161.2164
336.507952 69.096 161.2910
338.946427 69.066 161.3680
341.402572 69.038 161.4469
343.876516 69.012 161.5271
346.368387 68.987 161.6079
348.878315 68.965 161.6887
351.406431 68.943 161.7686
353.952867 68.924 161.8468
356.517756 68.906 161.9222
359.101230 68.890 161.9940
361.703426 68.876 162.0610
364.324478 68.864 162.1221
366.964523 68.853 162.1761
369.623699 68.843 162.2220
372.302145 68.835 162.2587
375.000000 68.828 162.2849
377.717405 68.822 162.2997
380.454501 68.817 162.3021
383.211431 68.813 162.2911
385.988339 68.808 162.2662
388.785369 68.804 162.2267
391.602668 68.800 162.1721
394.440383 68.795 162.1024
397.298660 68.790 162.0176
400.177650 68.783 161.9181
403.077502 68.775 161.8047
405.998368 68.766 161.6782
408.940400 68.755 161.5399
411.903750 68.741 161.3915
414.888575 68.726 161.2347
417.895028 68.708 161.0716
420.923268 68.688 160.9041
423.973452 68.666 160.7345
427.045738 68.641 160.5650
430.140287 68.613 160.3976
433.257261 68.584 160.2342
436.396822 68.552 160.0767
439.559133 68.518 159.9266
442.744360 68.483 159.7852
445.952668 68.445 159.6537
449.184225 68.407 159.5329
452.439199 68.367 159.4236
455.717760 68.326 159.3260
459.020079 68.284 159.2408
462.346327 68.242 159.1677
465.696680 68.199 159.1069
469.071310 68.157 159.0580
472.470394 68.114 159.0208
475.894109 68.072 158.9948
479.342634 68.030 158.9794
482.816148 67.989 158.9739
486.314833 67.948 158.9779
489.838871 67.907 158.9905
493.388445 67.868 159.0111
496.963741 67.829 159.0390
500.564945 67.790 159.0737
504.192245 67.753 159.1146
507.845830 67.715 159.1613
511.525890 67.679 159.2133
515.232618 67.643 159.2703
518.966206 67.607 159.3321
522.726849 67.572 159.3984
526.514743 67.537 159.4690
530.330086 67.502 159.5436
534.173076 67.468 159.6220
538.043915 67.435 159.7039
541.942803 67.402 159.7890
545.869944 67.369 159.8770
549.825542 67.337 159.9676
553.809805 67.305 160.0605
557.822939 67.274 160.1553
561.865154 67.243 160.2519
565.936660 67.213 160.3499
570.037671 67.184 160.4492
574.168399 67.155 160.5496
578.329060 67.126 160.6508
582.519870 67.099 160.7527
586.741049 67.071 160.8550
590.992817 67.044 160.9579
595.275394 67.018 161.0610
599.589005 66.993 161.1644
603.933874 66.968 161.2682
608.310228 66.943 161.3724
612.718295 66.919 161.4772
617.158304 66.896 161.5826
621.630488 66.873 161.6888
626.135079 66.850 161.7957
630.672311 66.828 161.9035
635.242423 66.807 162.0120
639.845651 66.786 162.1213
644.482237 66.765 162.2312
649.152421 66.745 162.3418
653.856447 66.726 162.4529
658.594560 66.707 162.5647
663.367008 66.689 162.6771
668.174039 66.671 162.7903
673.015903 66.654 162.9042
677.892854 66.637 163.0191
682.805145 66.621 163.1349
687.753032 66.606 163.2517
692.736774 66.591 163.3696
697.756631 66.578 163.4887
702.812863 66.564 163.6089
707.905735 66.552 163.7301
713.035511 66.540 163.8524
718.202461 66.529 163.9756
723.406852 66.519 164.0994
728.648956 66.510 164.2237
733.929047 66.501 164.3482
739.247399 66.493 164.4726
744.604290 66.486 164.5966
750.000000 66.479 164.7202
755.434809 66.473 164.8432
760.909001 66.468 164.9654
766.422861 66.464 165.0867
771.976677 66.460 165.2070
777.570739 66.457 165.3263
783.205337 66.454 165.4442
788.880766 66.453 165.5605
794.597321 66.452 165.6747
800.355301 66.452 165.7865
806.155005 66.453 165.8951
811.996736 66.455 166.0000
817.880799 66.457 166.1003
823.807501 66.460 166.1955
829.777150 66.464 166.2849
835.790057 66.468 166.3679
841.846536 66.472 166.4441
847.946903 66.477 166.5132
854.091476 66.483 166.5749
860.280575 66.488 166.6291
866.514523 66.494 166.6758
872.793644 66.500 166.7150
879.118267 66.506 166.7465
885.488720 66.511 166.7704
891.905336 66.517 166.7865
898.368450 66.523 166.7947
904.878398 66.528 166.7950
911.435520 66.533 166.7875
918.040157 66.538 166.7724
924.692655 66.541 166.7502
931.393359 66.544 166.7215
938.142619 66.547 166.6874
944.940787 66.548 166.6489
951.788218 66.548 166.6073
958.685268 66.547 166.5638
965.632296 66.545 166.5197
972.629666 66.543 166.4756
979.677741 66.539 166.4326
986.776890 66.535 166.3908
993.927482 66.531 166.3506
1001.129891 66.527 166.3116
1008.384491 66.522 166.2735
1015.691660 66.518 166.2357
1023.051781 66.514 166.1977
1030.465236 66.510 166.1588
1037.932411 66.506 166.1182
1045.453698 66.503 166.0754
1053.029486 66.499 166.0300
1060.660172 66.496 165.9815
1068.346153 66.493 165.9294
1076.087829 66.490 165.8736
1083.885605 66.487 165.8138
1091.739887 66.484 165.7497
1099.651084 66.480 165.6813
1107.619609 66.476 165.6086
1115.645878 66.472 165.5314
1123.730308 66.466 165.4498
1131.873321 66.460 165.3638
1140.075341 66.453 165.2736
1148.336797 66.446 165.1791
1156.658119 66.437 165.0809
1165.039741 66.427 164.9791
1173.482099 66.416 164.8743
1181.985634 66.404 164.7672
1190.550789 66.390 164.6586
1199.178011 66.375 164.5493
1207.867749 66.359 164.4405
1216.620457 66.342 164.3331
1225.436590 66.324 164.2283
1234.316609 66.304 164.1270
1243.260976 66.284 164.0301
1252.270157 66.263 163.9386
1261.344623 66.241 163.8530
1270.484846 66.218 163.7737
1279.691303 66.195 163.7010
1288.964474 66.172 163.6349
1298.304842 66.149 163.5752
1307.712894 66.126 163.5214
1317.189120 66.103 163.4731
1326.734016 66.080 163.4294
1336.348077 66.057 163.3898
1346.031806 66.035 163.3535
1355.785708 66.013 163.3201
1365.610290 65.991 163.2890
1375.506065 65.969 163.2599
1385.473549 65.948 163.2325
1395.513261 65.927 163.2069
1405.625726 65.906 163.1829
1415.811469 65.885 163.1607
1426.071023 65.864 163.1404
1436.404921 65.842 163.1219
1446.813703 65.821 163.1055
1457.297912 65.800 163.0912
1467.858093 65.778 163.0788
1478.494798 65.756 163.0683
1489.208581 65.734 163.0596
1500.000000 65.712 163.0526
1510.869618 65.690 163.0471
1521.818002 65.668 163.0433
1532.845723 65.646 163.0408
1543.953355 65.623 163.0399
1555.141477 65.601 163.0404
1566.410674 65.579 163.0424
1577.761531 65.558 163.0461
1589.194642 65.536 163.0513
1600.710601 65.516 163.0583
1612.310010 65.495 163.0669
1623.993473 65.476 163.0771
1635.761599 65.457 163.0885
1647.615002 65.440 163.1008
1659.554299 65.423 163.1133
1671.580114 65.407 163.1253
1683.693072 65.393 163.1357
1695.893807 65.379 163.1436
1708.182952 65.367 163.1478
1720.561150 65.356 163.1472
1733.029045 65.345 163.1410
1745.587288 65.336 163.1282
1758.236533 65.327 163.1082
1770.977440 65.319 163.0803
1783.810673 65.311 163.0442
1796.736900 65.304 162.9993
1809.756796 65.298 162.9450
1822.871040 65.291 162.8809
1836.080315 65.285 162.8062
1849.385310 65.280 162.7200
1862.786718 65.274 162.6215
1876.285239 65.268 162.5095
1889.881575 65.262 162.3831
1903.576436 65.255 162.2410
1917.370535 65.248 162.0822
1931.264593 65.239 161.9055
1945.259332 65.230 161.7101
1959.355483 65.220 161.4951
1973.553781 65.207 161.2597
1987.854965 65.193 161.0033
2002.259781 65.177 160.7255
2016.768981 65.158 160.4260
2031.383320 65.136 160.1050
2046.103561 65.111 159.7630
2060.930471 65.081 159.4011
2075.864823 65.048 159.0206
2090.907395 65.009 158.6240
2106.058972 64.965 158.2141
2121.320344 64.915 157.7945
2136.692305 64.859 157.3699
2152.175658 64.795 156.9453
2167.771210 64.724 156.5268
2183.479774 64.645 156.1209
2199.302169 64.558 155.7347
2215.239219 64.463 155.3755
2231.291755 64.360 155.0512
2247.460615 64.249 154.7693
2263.746641 64.131 154.5371
2280.150683 64.005 154.3614
2296.673595 63.873 154.2480
2313.316238 63.736 154.2017
2330.079481 63.594 154.2257
2346.964198 63.449 154.3213
2363.971268 63.303 154.4881
2381.101578 63.155 154.7236
2398.356022 63.008 155.0236
2415.735498 62.863 155.3823
2433.240913 62.720 155.7932
2450.873180 62.580 156.2493
2468.633217 62.443 156.7442
2486.521951 62.310 157.2731
2504.540314 62.179 157.8330
2522.689246 62.052 158.4239
2540.969692 61.926 159.0488
2559.382606 61.802 159.7142
2577.928947 61.678 160.4294
2596.609683 61.555 161.2067
2615.425787 61.433 162.0600
2634.378241 61.312 163.0041
2653.468031 61.194 164.0530
2672.696154 61.081 165.2188
2692.063613 60.976 166.5094
2711.571415 60.880 167.9275
2731.220579 60.800 169.4690
2751.012130 60.736 171.1227
2770.947098 60.694 172.8697
2791.026522 60.676 174.6851
2811.251451 60.683 176.5390
2831.622938 60.718 178.3997
2852.142045 60.778 -179.7648
2872.809842 60.864 -177.9835
2893.627406 60.973 -176.2809
2914.595823 61.103 -174.6761
2935.716186 61.250 -173.1823
2956.989596 61.413 -171.8073
2978.417161 61.587 -170.5544
3000.000000 61.772 -169.4230
3021.739237 61.965 -168.4105
3043.636005 62.164 -167.5125
3065.691446 62.367 -166.7242
3087.906710 62.575 -166.0409
3110.282955 62.785 -165.4583
3132.821347 62.998 -164.9728
3155.523062 63.212 -164.5815
3178.389283 63.426 -164.2825
3201.421202 63.640 -164.0742
3224.620020 63.853 -163.9557
3247.986946 64.065 -163.9261
3271.523198 64.274 -163.9848
3295.230004 64.480 -164.1311
3319.108599 64.683 -164.3642
3343.160228 64.881 -164.6830
3367.386145 65.075 -165.0859
3391.787613 65.262 -165.5715
3416.365904 65.443 -166.1374
3441.122300 65.618 -166.7813
3466.058091 65.784 -167.5002
3491.174576 65.942 -168.2908
3516.473066 66.091 -169.1494
3541.954880 66.231 -170.0719
3567.621345 66.360 -171.0539
3593.473800 66.480 -172.0906
3619.513592 66.588 -173.1772
3645.742080 66.685 -174.3082
3672.160630 66.770 -175.4782
3698.770620 66.844 -176.6813
3725.573436 66.905 -177.9115
3752.570477 66.954 -179.1623
3779.763150 66.990 179.5732
3807.152872 67.014 178.3018
3834.741071 67.024 177.0312
3862.529185 67.022 175.7690
3890.518664 67.007 174.5230
3918.710966 66.979 173.3013
3947.107561 66.939 172.1122
3975.709929 66.887 170.9636
4004.519563 66.824 169.8633
4033.537962 66.751 168.8188
4062.766641 66.669 167.8367
4092.207123 66.578 166.9227
4121.860942 66.480 166.0813
4151.729646 66.378 165.3155
4181.814790 66.271 164.6265
4212.117944 66.163 164.0136
4242.640687 66.055 163.4742
4273.384610 65.949 163.0035
4304.351317 65.846 162.5952
4335.542421 65.749 162.2410
4366.959549 65.659 161.9314
4398.604338 65.576 161.6561
4430.478438 65.502 161.4040
4462.583511 65.438 161.1642
4494.921231 65.382 160.9258
4527.493283 65.336 160.6788
4560.301365 65.299 160.4140
4593.347189 65.270 160.1232
4626.632476 65.248 159.7996
4660.158962 65.232 159.4373
4693.928395 65.222 159.0320
4727.942535 65.216 158.5802
4762.203156 65.214 158.0795
4796.712043 65.213 157.5284
4831.470996 65.215 156.9259
4866.481826 65.217 156.2715
4901.746360 65.219 155.5649
4937.266434 65.221 154.8061
4973.043902 65.221 153.9948
5009.080628 65.221 153.1308
5045.378492 65.218 152.2137
5081.939384 65.214 151.2427
5118.765212 65.207 150.2172
5155.857894 65.197 149.1359
5193.219366 65.185 147.9975
5230.851574 65.169 146.8005
5268.756481 65.150 145.5435
5306.936062 65.126 144.2245
5345.392309 65.098 142.8420
5384.127225 65.065 141.3946
5423.142830 65.026 139.8807
5462.441159 64.981 138.2993
5502.024259 64.928 136.6497
5541.894195 64.867 134.9317
5582.053045 64.797 133.1454
5622.502902 64.718 131.2917
5663.245876 64.627 129.3719
5704.284090 64.524 127.3880
5745.619684 64.409 125.3427
5787.254813 64.280 123.2391
5829.191647 64.137 121.0811
5871.432373 63.979 118.8731
5913.979192 63.804 116.6197
5956.834323 63.613 114.3258
6000.000000 63.404 111.9965
6043.478473 63.177 109.6367
6087.272010 62.933 107.2511
6131.382892 62.669 104.8438
6175.813420 62.387 102.4182
6220.565910 62.085 99.9770
6265.642695 61.765 97.5219
6311.046124 61.425 95.0531
6356.778566 61.066 92.5702
6402.842404 60.688 90.0710
6449.240040 60.291 87.5521
6495.973891 59.876 85.0085
6543.046396 59.442 82.4336
6590.460007 58.990 79.8182
6638.217197 58.519 77.1502
6686.320456 58.030 74.4128
6734.772290 57.523 71.5822
6783.575226 56.999 68.6241
6832.731809 56.457 65.4873
6882.244600 55.898 62.0949
6932.116181 55.324 58.3286
6982.349153 54.737 54.0032
7032.946133 54.139 48.8248
7083.909760 53.535 42.3223
7135.242690 52.934 33.7535
7186.947600 52.348 22.0622
7239.027185 51.794 6.2618
7291.484160 51.297 -13.0582
7344.321260 50.888 -32.4192
7397.541239 50.597 -48.1737
7451.146872 50.452 -59.5327
7505.140954 50.462 -67.4597
7559.526299 50.618 -73.0706
7614.305743 50.893 -77.1793
7669.482141 51.254 -80.3230
7725.058371 51.671 -82.8532
7781.037328 52.116 -85.0043
7837.421932 52.571 -86.9348
7894.215122 53.023 -88.7531
7951.419859 53.462 -90.5326
8009.039125 53.882 -92.3216
8067.075924 54.278 -94.1502
8125.533282 54.649 -96.0344
8184.414245 54.991 -97.9799
8243.721885 55.303 -99.9835
8303.459292 55.584 -102.0360
8363.629581 55.832 -104.1224
8424.235888 56.048 -106.2235
8485.281374 56.231 -108.3159
8546.769221 56.381 -110.3731
8608.702634 56.499 -112.3661
8671.084842 56.587 -114.2638
8733.919097 56.646 -116.0343
8797.208675 56.681 -117.6462
8860.956876 56.694 -119.0706
8925.167022 56.692 -120.2831
8989.842461 56.680 -121.2672
9054.986566 56.668 -122.0167
9120.602731 56.662 -122.5383
9186.694378 56.671 -122.8528
9253.264952 56.702 -122.9956
9320.317925 56.760 -123.0138
9387.856790 56.849 -122.9623
9455.885071 56.969 -122.8990
9524.406312 57.117 -122.8790
9593.424086 57.290 -122.9498
9662.941992 57.481 -123.1495
9732.963653 57.686 -123.5045
9803.492719 57.899 -124.0311
9874.532869 58.113 -124.7362
9946.087805 58.326 -125.6199
10018.161257 58.531 -126.6769
10090.756983 58.728 -127.8982
10163.878768 58.912 -129.2729
10237.530423 59.083 -130.7885
10311.715789 59.237 -132.4321
10386.438732 59.375 -134.1904
10461.703149 59.494 -136.0504
10537.512962 59.595 -137.9990
10613.872125 59.677 -140.0236
10690.784618 59.738 -142.1121
10768.254450 59.780 -144.2526
10846.285661 59.802 -146.4342
10924.882318 59.804 -148.6465
11004.048518 59.786 -150.8804
11083.788390 59.749 -153.1271
11164.106090 59.694 -155.3798
11245.005805 59.621 -157.6320
11326.491752 59.530 -159.8790
11408.568180 59.423 -162.1171
11491.239368 59.301 -164.3433
11574.509626 59.164 -166.5557
11658.383294 59.012 -168.7524
11742.864745 58.846 -170.9317
11827.958384 58.666 -173.0915
11913.668646 58.473 -175.2287
12000.000000 58.264 -177.3391
12086.956947 58.042 -179.4172
12174.544019 57.804 178.5443
12262.765784 57.550 176.5538
12351.626840 57.280 174.6209
12441.131819 56.993 172.7559
12531.285389 56.689 170.9692
12622.092249 56.369 169.2709
12713.557132 56.031 167.6696
12805.684808 55.677 166.1725
12898.480079 55.308 164.7841
12991.947783 54.923 163.5061
13086.092792 54.526 162.3371
13180.920015 54.116 161.2721
13276.434395 53.696 160.3029
13372.640911 53.267 159.4182
13469.544580 52.831 158.6044
13567.150452 52.390 157.8461
13665.463617 51.946 157.1278
13764.489200 51.499 156.4347
13864.232362 51.051 155.7539
13964.698305 50.603 155.0762
14065.892266 50.155 154.3967
14167.819519 49.708 153.7162
14270.485380 49.261 153.0414
14373.895200 48.813 152.3865
14478.054370 48.363 151.7729
14582.968320 47.911 151.2312
14688.642520 47.455 150.8015
14795.082478 46.996 150.5360
14902.293745 46.532 150.5001
15010.281908 46.065 150.7744
15119.052599 45.595 151.4552
15228.611486 45.126 152.6509
15338.964283 44.660 154.4731
15450.116741 44.203 157.0153
15562.074656 43.760 160.3185
15674.843864 43.339 164.3257
15788.430244 42.945 168.8465
15902.839718 42.584 173.5648
16018.078250 42.260 178.1068
16134.151848 41.971 -177.8560
16251.066563 41.715 -174.5300
16368.828491 41.483 -171.9832
16487.443769 41.268 -170.1765
16606.918584 41.058 -169.0096
16727.259161 40.844 -168.3595
16848.471777 40.618 -168.1040
16970.562748 40.371 -168.1343
17093.538442 40.100 -168.3599
17217.405268 39.800 -168.7087
17342.169684 39.470 -169.1260
17467.838194 39.111 -169.5724
17594.417350 38.723 -170.0203
17721.913751 38.312 -170.4520
17850.334044 37.882 -170.8566
17979.684923 37.442 -171.2276
18109.973131 37.002 -171.5612
18241.205462 36.574 -171.8546
18373.388756 36.173 -172.1057
18506.529905 35.813 -172.3126
18640.635849 35.509 -172.4746
18775.713581 35.267 -172.5935
18911.770141 35.090 -172.6741
19048.812624 34.971 -172.7238
19186.848172 34.899 -172.7514
19325.883983 34.861 -172.7649
19465.927305 34.843 -172.7705
19606.985439 34.837 -172.7725
19749.065738 34.835 -172.7729
19892.175609 34.835 -172.7731
20036.322514 34.835 -172.7731
